4096	
-6.16	-4.38
-2.35	-2.76
-0.66	0.54
1.38	-8.33
-3.11	5.51
6.65	-0.95
-5.47	-4.85
2.85	-8.79
0.28	9.31
-10	3.64
-6.12	-7.66
8.29	-3.76
6.1	6.62
-3.29	-3.87
9.05	-9.46
4.51	6.2
-7.44	-8.42
1.61	-6.49
6.04	0.07
-7.78	6.81
6.66	0.63
7.69	2.17
-8.64	-6.83
7.45	6.37
-0.75	-3.12
8.29	-6.04
-3.97	2.28
-8.06	7.27
0.93	-0.11
9.61	1.41
-5.64	-8.14
5.82	0.63
-5.3	-5.37
7.68	-8.82
3.5	-8.64
-2.66	8.57
0.32	6.06
4.6	-2.59
8.43	1.21
2.61	-7.67
8.59	-8.81
-5.63	1.29
1.38	-0.26
1.56	-1.71
-0.86	1.08
2.65	-7.22
8.84	6.18
6.76	6.18
-4.63	-2.12
-7.93	-4.27
-2.16	-7.78
1.52	5.48
2.41	-2.53
9.55	0.21
4.36	5.31
0.72	-0.81
-7.57	7.1
4.98	-6.71
-6.76	5.5
-0.07	3.42
-5.12	2.85
6.24	3.64
-8.37	1.71
-7.07	1.54
-5.96	0.93
1.87	-9.79
-6.07	-5.41
1.01	8.28
-7.76	0.05
-4.82	-9.16
-2.79	6.93
-4.71	8.64
-6.09	9.24
3.06	-5.75
5.82	-3.5
-9.29	-8.97
1.61	-6.12
-1.83	-4.7
-8.05	2.48
0.18	6.48
-5.08	1.12
8.27	-6.23
-5.7	5.62
-4.76	-9.87
-7.23	4.66
2.53	2.07
1.35	3.32
4.21	-1.46
5.06	-9.42
-8.72	-1.42
0.73	3.49
-6.48	-6.54
-3.83	0.4
-6.1	0.55
4.06	-8.32
1.02	0.45
6.71	-2.34
-1.69	-2.69
-6.87	-5.07
3.61	-4.85
-8.58	4.46
-5.14	-9.46
-6.28	4.5
1.67	5.3
-0.42	3.56
2.18	2.43
-2.39	-6.21
3.8	7.81
-1.59	-4.6
-9.07	5.29
2.88	-4.57
9.26	-6.86
-7.52	-8.74
2.55	2.32
-1.46	1.85
-3.3	1.07
-2.76	3.92
4.96	-8.26
7.74	5.7
-2.98	3.85
-4.92	9.67
-4.23	-1.13
7.18	4.04
-6.54	2.98
-6.84	3.78
-0.7	1.21
3.54	8.01
6.6	-3.89
8.21	3.63
-1.91	-3.38
0.08	6.05
-1.16	1.44
-0.63	-5.92
6.04	-3.61
-2.9	-0.18
3.81	-6.45
-2.88	9.56
5.63	-4.69
-4.78	-0.32
-0.62	-9.44
-1.25	-5.32
8.59	-3.86
9.4	4.57
-0.24	3.59
9.54	-0.91
5.1	7.43
-2.45	-4.32
0.5	0.97
-2.65	-4.04
-4.89	7.05
-2.12	3.12
9.57	6.04
-3.63	-7.68
-6.92	7.53
6.43	1.21
-4.67	4.02
-2.08	-0.94
-8.4	-2.76
-4.86	8.23
-7.54	-6.32
8.9	8.04
0.61	-4.82
-2.47	-0.98
-5.79	-9.05
-5.48	-6.21
0.49	-6.29
-5.65	-2.1
-4.84	-2.04
2.5	4.18
-7.91	6.62
1.81	-3.3
5.43	-2.85
-4.25	7.95
-0.05	7.81
4.15	-3.13
-7.37	5.26
-6.19	4.64
0.49	-6.84
1.95	1.6
1.8	-7.95
2.01	-2.89
6.41	9.76
4.23	-3.31
6.88	-0.68
9.22	-2.39
2.09	-3.28
8.34	-5.71
5.08	7.62
3.84	-3.28
6.29	9.59
-0.16	1.55
7.81	-5.13
9.98	3.76
-9.45	6.49
1.83	2.96
3.6	5.52
-2.15	-1.99
7.47	-4
-9.69	-2.89
-5.83	4.72
9.98	4.53
5.86	-6.49
3.32	-5.17
0.91	-7.73
-7.48	9.03
-9.21	-7.26
6.64	2.8
5.91	-3.07
4.72	-6.38
-7.32	0.69
-8.87	8.03
0.46	-5.04
7.01	-3.32
6.4	1.84
3.25	5.84
6.15	5.35
-9.33	7.01
4.79	1.16
8.84	-9.62
6.28	-1.41
1.73	-5.74
6.26	-8.32
-3.83	2.8
2.81	-7.73
6.63	1.48
-7.88	2
0.28	-0.36
-5.51	-4.23
-7.27	-2.31
-2.16	-8.29
1.74	0.16
4.88	-4.32
-7.17	0.53
-2.79	-8.88
-3.9	2.68
-7.13	-4.46
3.96	4.79
7.93	-7.55
-8.56	-6.26
-4.64	-1.6
-5.08	1.79
6.96	-8.84
-8.99	-0.36
-8.95	-4.5
-6.61	-5.49
-0.74	2.02
-5.67	-9.83
-3.93	8.95
2.88	-8.87
-2.63	9.98
-9.28	2.26
8.9	-4.28
8.72	8.72
-0.03	6.61
3.38	5.07
0.15	-3.4
0.32	3.08
4.15	-7.71
-2.26	4.73
-0.28	-0.05
5.21	1.13
-3.26	4.45
7.56	-4.47
9.25	4.77
3.37	-7.49
6.63	-1.85
-7.35	-6.07
-6.93	-4.34
-9.12	-1.08
7.75	-1.21
-6.21	8.76
3.86	0.01
8.17	6.84
-0.89	1.22
-9.18	0.54
-9.16	-7.21
6.48	2.64
-7.65	7.75
-2.88	2.01
-2.53	-3.73
-6.24	7.45
-7.96	2.84
-3.01	8.88
6.59	4.24
6.74	7.99
2.57	-2.19
5.67	9.72
-0.2	0.22
3.04	8.78
3.81	-0.24
-6.7	-2.73
4.83	-9.31
-8.36	-2.8
4.47	9.48
6.74	4.64
-5.06	8.42
-2.09	2.8
8.42	5.51
0.42	-4.8
0.06	5.18
-7.65	-2.93
-7.06	8.66
3.74	7.41
3.11	-9.23
9.32	6.05
5.72	-5.22
-2.22	-4.9
-9.05	-9.81
-3.88	-6.16
-9.65	-1.77
8.3	-4.25
-7.35	-2.4
-5.39	-0.08
-8.08	-0.94
-9.79	-1.05
-1.44	3.44
2.74	4.42
0.09	-4.71
-9.13	-3.6
5.44	-4.54
-4.64	-4.89
-2.01	4.68
-5.25	-7.1
-4.65	-4.85
-4.27	-0.89
5.99	-0.85
9.34	-7.79
-3.08	8.62
-2.8	4.95
-9.3	9.29
6.67	-9
-5.6	-7.93
-5.84	6.23
-5.44	6.46
2.59	3.11
6.58	-9.79
1.47	-5.17
5.45	-3.75
-5.17	-3.1
7.45	2.39
6.01	-6.64
5.66	1.46
9.52	-9.57
0.14	4.76
-5.64	-4.34
-7.14	-5.47
2.08	7.44
5.82	9.76
5.2	0.57
0.79	8.88
7.5	9.08
6.33	0.84
3.31	3.64
-6.01	-2.86
1.88	-3.66
-4.22	-5.53
-6.75	0.96
-3.25	-7.95
-9.48	-5.25
-0.45	4.06
-5.22	-7.71
5.46	8.86
3.17	8.29
1.67	4.1
7.78	2.65
-4.6	8
7.48	2.29
7.26	9.24
8.9	1.82
9.74	1.1
0.23	-4.06
-9.64	-4.63
8.35	3.16
-7.86	-6.82
6.81	-2.81
-1.48	-3.84
-7.36	-3.41
8.31	4.85
-1.59	-7.63
-0.18	-0.26
2.43	4.82
-3.45	-5.47
-3.04	3.01
-0.39	0
-0.72	2.71
0.9	-2.22
-8.96	9.8
-5.54	5.48
3.25	5.85
0.94	2.61
1.7	-2.35
-4.93	-0.98
0.67	9.52
-8.92	3.02
4.66	5.32
-5.14	-6.54
7.51	4.59
2.82	3.36
0.31	8.62
9.24	1.31
-9.1	-6.05
2.54	-3.29
8.79	-5.93
-9.1	-8.19
-3.1	5.59
-2.75	-3.39
4.24	1.35
-8.91	0.04
3.92	9.58
8.77	-1.92
9.16	-9.16
-8.06	-2.08
-9.13	3.96
-2.87	6.11
-4.66	-3.15
-0.79	1.57
-8.88	-6.09
-7.1	-7.71
9.71	-2.3
-9.39	-2.83
0.05	9.48
-7.5	-4.69
-6.34	-7.67
-7.31	-2.26
-3.73	-8.17
7.03	6.26
0.53	3.3
6.1	-7.26
-2.95	-7.2
3.48	8.4
-4.82	9.14
-4.96	-1.14
-6.94	-8.21
-4.17	-6.36
8.48	-7.11
-4.46	-2.24
0.59	8.74
2.34	3
-9.82	-1.27
-4.28	5.01
9.17	-1.32
4.37	-8.78
2.59	-2.28
1.41	1.82
2.79	3.94
-6.46	3.05
-6.35	-7.87
-4.4	7.69
-0.18	-5.23
-6.6	5.85
3.01	5.04
-1.44	6.16
-0.99	-3.12
3.49	1.71
-10	7.77
0.16	-3.97
-8.16	5.24
6.98	-3.91
-7.77	-5.52
-0.82	-4.5
5.6	-4.22
-7.16	5.78
9.2	4.59
-6.49	6.54
-1.43	3.07
6.28	-2.99
3.56	2.22
0.47	-7.3
1.11	0.19
6.32	0.69
-7.12	2.6
9.95	-1.28
-3.37	6.36
7.87	4.02
1.23	2.1
6.06	7.86
9.67	-4.76
8.95	-6.71
-3.21	-2.51
4.75	-3.53
-9.74	2.63
-7.6	4.15
6.38	-4.22
-3.01	-2.34
-3.36	9.68
6.41	1.06
8.59	0.32
3.46	-5.68
-3.41	3.96
-7.49	2.51
-7.18	-1.44
-5.86	-2.07
-7.47	9.1
9.46	-4.71
9.84	4.32
-6.51	-0.87
3.95	0.85
-2.37	-7.05
-9.49	9.25
-5.56	-9.13
2.82	-6.82
-5.69	-4
1.91	3.29
0.6	-8.83
3.54	6.07
5.94	9.07
-3.52	9.02
4.44	1.65
-2.08	6.51
7.12	8.81
8.25	0.25
-1.74	-0.3
2.6	8.24
8.95	-9.02
-6.5	0.18
-6.62	-8.58
-8.86	3.87
3.32	2.76
0.38	-4.16
-1.67	-1.12
1.79	2.3
-0.39	8.51
-2.36	-5.44
0.85	8.37
1.72	-0.93
8.65	-5.64
-1.21	-1.39
-6.15	0.78
4.81	-1.48
9.36	1.58
7.5	3.71
-1.59	9.89
8.85	-1.31
-9.81	-6.51
-8.67	-6.98
4.4	9.47
-3.34	-3.83
5.27	9.5
-6.03	-7.55
8.66	1.15
8.09	-8.09
0.01	-3.36
2.16	3.72
-3.77	9.3
-9.87	8.17
8.92	4.24
1.64	-2.87
1.99	1.86
7.97	-9.73
-6.29	8.17
3.09	4.24
-3.19	5.59
-2.06	4.12
1.32	-1.78
0.91	-0.06
3.92	6.54
3.43	-8.52
8.94	8.53
9.52	1.25
-1.39	2.03
-9.76	-0.1
-2.61	-6.77
5.3	-0.38
-0.52	-5.28
7.09	-9.37
4.41	-3.96
1.57	-4.2
3.08	-4.64
-0.11	-0.04
-1.5	8.84
-1	9.36
9.75	-8.86
-9.95	-2.21
4.31	1.26
-3.92	-7.6
-7.17	-8.24
-0.94	8.53
-7.34	4.19
3.96	-8.52
-3.45	-3.92
4.22	-6.49
-3.2	-1.04
9.23	-3.34
7.16	-8.11
-9.26	6.89
2.26	5.29
2.57	8.16
3.89	-9.13
-6.2	-5.38
-9.49	-6.25
7.19	0.61
-8.97	7.02
-0.31	6.9
5.57	9.03
-7.33	-1.22
4.93	-2.85
9.34	-7.58
8.88	-8.41
3.4	4.26
7.74	-1.55
3.62	4.54
0.79	6.93
1.57	-1.6
1.57	0.32
-5.81	-7.63
0.42	-9.68
0.95	1.77
8	-4.83
2.83	0.39
3.19	5.23
-8.84	-4.92
3.35	-1.27
1	-1.92
2.6	-0.47
7	-3.47
2.27	-9.76
-3.72	-1.48
5.21	2.95
8.06	-8.35
2.21	-6.04
9.57	-3.64
5.13	-4.97
9.27	-4.87
9.95	4.56
-9.16	-5.24
2.87	3.51
7.72	7.76
-9.03	3.89
-1.16	-3.54
-7.17	4.68
-8.3	-8.06
-0.73	4.78
-0.22	2.82
-4.93	2.03
5.55	2.8
-4.7	9.01
6.24	-4.94
-5.89	-8.36
-9.32	-6.51
-6.58	1.33
-4.44	2.27
-9.37	4.22
0.51	-7.01
2.36	-6.06
6.35	9.71
-7.37	-6.88
-7.53	8.03
2.63	-2
-3.13	-7.68
-6.8	-4.22
-3.75	-6.83
8.85	-2.66
1.04	-2.12
8.83	3.06
2.37	7.57
3.71	3.21
2.14	-0.84
9.35	8.87
0.5	-6.87
-8.3	7.35
-4.54	7.16
-4.67	-9.48
-7.91	-2.62
-9.71	3.67
-0.85	2.2
-9.01	9.41
3.79	3.36
2.05	0.86
-0.41	-5.14
-3.38	-7.98
5.36	1.79
-2.43	-4.68
-8.38	8.72
-7.62	-9.05
-8.65	-1.91
4.63	-9.47
6.24	-3.77
4.37	7.71
-8.9	6.95
-3.67	-7.74
-1.62	8.22
-6.81	5.64
3.33	-5.88
6.39	-7.69
-4.69	3.09
-7.3	-2.89
-4.95	-3.52
-1.68	-4.68
-9.45	0.59
-5.99	-4.72
-1.16	3.6
-3.84	2.88
9.03	3.71
8.76	2.75
7.83	-6.48
8.75	-3.84
-4.32	5.23
8.02	-8.57
-2.59	-2.71
9.88	3.9
7.85	9.39
-8.66	0.09
3.91	7.46
-9.33	-1.49
5.23	-5.31
9.03	-8.6
-0.79	3.1
-5.72	7.56
-3.87	7.73
-8.42	-0.32
5.36	7.41
-8.67	1.17
-4.57	9.37
-4.31	-6.04
-3.95	-9.11
5.29	-3.68
-8.37	9.36
-3.5	-3.11
8.34	4.3
-9.39	9.7
-5.82	-4.05
8.32	4.39
6.24	-1.31
-0.44	-7.85
1.54	-0.72
-8.89	2.02
-0.85	8.02
0.49	-8.42
1.9	8.66
-9.25	7.92
4	1.04
8.55	0.89
-2.17	3.15
-4.08	-2.72
-4.12	-0.07
6.07	7.94
-8.87	9.71
8.9	7.11
-7.41	4.51
6.23	-9.53
-7.74	1.07
0.69	-7.73
3.33	2.25
0.37	-6.43
-7.41	5.99
-6.36	7.21
-3.97	-4.3
1.22	-7.93
7.82	9.73
-0.27	0.43
8.72	7.88
1.82	9.88
-4.33	1.59
-8.49	-8.1
2.54	0.54
-6.96	3.81
3.92	0.53
-3.14	6.6
0.32	9.22
-0.51	4.84
4.43	-8.42
6.28	-2.71
-1.45	-0.3
1.33	-3.8
-3.45	-1.17
-5.25	-8.75
-4.61	-5.56
4.99	5.43
-4.79	-5.32
-0.59	-5.89
3.64	-3.38
-2.9	-3.88
-0.88	5.46
-0.1	4.91
9.77	9.39
-2.44	-7.3
-8.09	-6.9
-9.27	6.3
7.49	4.51
6.95	4.94
-7.11	-5.14
-5.65	8.4
-1.58	-3.72
4.88	5.13
8.77	1.45
-2.92	-2.92
-5.63	-6.9
-4.95	-7.93
-6	1.95
-7.8	-6.13
-5.37	-2.12
-2.55	0.08
5.21	-4.42
-0.53	-8.36
-9.97	6.13
0.31	3.83
9.44	-6.91
-8.06	-8.61
8.09	8.21
7.98	4.23
3.07	6.51
9.23	-6.74
-9.43	-5.4
-3.76	-3.52
1.47	8.21
8.98	3.84
7.04	-2.16
4.89	-7
-8.98	7.89
1.54	6.38
-4.29	-8.08
-0.95	8.13
-5.74	-9.59
3.68	3.19
9.6	-0.93
1.7	-8.17
-4.19	9.76
3.97	9.97
-1.81	1.76
-2.29	7.34
-0.12	-5.67
7.45	8.33
-4.11	0.51
0.63	-4.02
5.17	7.74
-7.17	2.95
-0.09	-5.75
-7.72	2.4
-8.85	4.97
-0.43	-7.78
-3.07	4.61
5.61	-8.71
-6.81	-2.79
-5.25	4.76
3.22	4.87
-1.58	3.18
-3.59	-5.67
5.56	3.46
3.91	-4.17
-3.93	3.77
5.9	1.97
4.09	-7.59
-7.92	2.51
-4.85	-6.21
9.87	-3.49
6.36	3.65
-8.25	1.43
0.16	2.37
-8.69	8.21
4.5	5.71
-8.76	6.21
-7.76	0.54
8.9	-5.3
1.05	-2.77
-1.3	1.3
-1.22	-6.94
9.64	2.84
-1.87	-3.3
4.43	-9.6
1.96	-0.7
1.79	4
9.36	8.42
9.8	9.86
-6.46	-5.01
-6.49	6.33
9.26	-0.67
0.59	-1.61
5.91	-1.59
-7.87	5.18
8.67	-2.45
4.93	-2.26
7.19	5.65
8.56	3.1
4.67	6.06
-5.52	7.68
4.07	-3.76
9.43	6.18
0.05	-8.29
-7.15	7.01
9.01	6.98
4.95	1.54
-2.71	-4.25
-7.31	3.97
4.52	7.7
-4.18	-2.29
8.42	0.93
-1.75	4.35
-7	-1.69
-7.19	-3.59
7.57	1.16
-3.85	-2.67
-1.77	-7.86
0.22	-3.51
-6.32	-3.84
-2.84	6.12
8.14	-1.96
-3.09	-6.38
6.67	-0.96
-6.79	-4.17
-4.89	9.36
9.83	0.17
1.45	-2.96
-0.56	2.68
8.01	-2.96
-9.48	-0.69
-8.69	6.85
-9.97	-0.98
-4.49	-8.32
-9.95	-1.04
-3.7	8.86
-7.76	-4.94
-7.91	6.59
-7.05	-7.1
5.43	3.27
-7.75	1.05
9.71	9.04
-8.41	-4.61
7.03	7.05
-5	4.72
-7.67	0.74
2.72	-9.89
4.85	-8.76
-8.75	3.59
-0.7	6.05
-7.05	-6.79
-5.03	-7.91
-4.31	7.26
0.81	9.81
7.22	0.04
-1.71	9.9
6.5	6.89
-4.21	-4.2
-9.94	9.47
-1.28	-7.48
5.72	4.07
7.36	-4.91
-2.99	7.63
0.29	-6.38
4.21	-4.85
-3.26	-7.04
-1.43	-2.38
1.66	-0.53
0.91	0.69
4.6	2.12
4.74	-3.27
2.65	8.55
-3.09	-7.48
-5.11	-4.3
8.06	-2.46
8.05	-1.79
4.11	-7.37
-4.18	-7.12
3.86	0.43
2.23	5.76
-7.46	-1.76
-1.25	-0.07
-0.05	-1.48
-6.43	-7
-8.09	7.21
6.23	-6.12
-0.17	-2.55
9.36	-0.47
3.54	8.37
-6.01	-6.84
-4.9	2.42
-9.83	1.87
9.28	7.21
0.34	0.85
-9.59	8.73
-8.23	-5.65
-7.1	3.79
-8.77	3.92
6.68	6.68
9.51	6.94
-8.59	-4.23
8.85	-7.12
-3.81	2.47
9.5	-9.89
-9.44	1.56
-2.32	-8.35
-0.75	4.83
0.57	-2.28
9.34	-9.03
2.26	-8.65
-2.18	0.54
-0.23	-8.79
-9.54	-2.63
-7.75	9.82
-9.19	6.2
-5.63	-5.53
-6.63	0.85
2.61	4.66
9.16	-8.37
-8.32	-3.43
4.81	0.67
-7.76	-7.5
4.57	-1.91
-3	-2.02
-3.99	-1.68
2.86	3.45
-5.97	-5.2
-2.13	6.99
-8.34	4.27
5.3	9
8.49	-1.84
-1.27	1.2
1.95	0.76
2.65	-9.7
6.9	-3.18
-6.7	7.5
4.91	2.81
-9.39	5.08
2.24	4.37
0.95	9.19
-6.6	-4.67
9.9	9.88
-7.32	9.74
3.85	-1.39
-6.78	-5.48
1.46	3.04
5.88	-2.11
3.19	8.15
4.08	6.05
-7.92	4.76
-3.69	-7.55
1.22	-3.96
-3.14	-5
0.86	8.95
-5.49	1.98
0.26	9.69
7.26	-4.66
2.88	-2.64
-6.32	-4.63
-1.94	-6.05
5.39	8.1
-2.29	7.31
7.88	-0.35
-6.78	-1.43
1.62	-8.19
4.82	-6.91
-5.34	3.21
8.45	-1.51
8.56	9.79
-6.06	6.17
-10	-4.16
4.39	-0.37
-6.94	4.9
-6.85	1.02
-5.3	-2.64
-2.57	3.52
6.78	-6.08
4.66	-8.01
5.5	5.02
5.35	-7.51
-4.52	-8.22
3.58	4.12
3.68	-7.99
-1.14	-8.43
2.49	-1.25
-7.83	2.17
5.73	-2.43
5.95	0.37
-1.56	-2.41
-2.83	-9.65
5.22	5.66
4.44	9.84
-7.76	9.85
-8.71	-2.25
2.96	1.53
0.99	6.54
-8.46	-7.92
-8.52	-8.63
-4.55	3.37
8.11	-9.13
-2.86	-8.89
-6.37	-4.05
2.14	0.95
-4.87	-9.24
8.39	3.27
-1.92	9.98
-6.49	4.71
-5.12	3.03
-5.44	-4.29
8.14	-5.06
6.49	-7.14
5.92	-1.21
-1.45	-7.38
5.24	-0.84
-8.45	2.93
9.46	-7.02
-9.57	4.63
0.08	5.72
-4.33	-4.51
-3.16	1.88
-5.1	-0.34
-9.65	4.91
-9.93	6.09
7.2	5.74
-6.85	5.6
-1.21	3.22
-2.96	2.56
-6.51	6.04
0.89	-4.44
-5.77	-2.36
-9.82	-6.48
-1.86	0.3
-9.01	1.28
5.73	9.45
6.24	6.07
-3.51	4.78
2.5	-7.5
-6.3	8.76
8.59	-8.52
-0.17	7.03
-4.02	2.27
0.04	-7.63
8.51	-3.49
4.05	4.49
5.17	-9.9
-9.61	5.7
-9.42	-8.52
-4.6	8.94
8.78	-6.79
-5.23	3.89
1.24	-5.46
0.61	8.48
5.31	-6.35
0.17	4.8
-8.34	-9.93
-4.06	3.99
-6.3	4.28
6.28	-2.08
3.4	-0.31
6.19	9.65
-0.86	-4.16
4	7.36
-0.68	-2.86
-1.56	9.39
5.6	-1.99
-4.34	3.25
-6.48	0.47
-5.78	-3.99
4.94	-0.64
-3.71	7.16
2.31	3.14
8.55	2.98
5.22	1.87
8.76	8.34
-4.61	5.5
6.33	-2.82
2.76	7.58
-6.64	6.83
-7.65	-4.96
1.23	2.62
-0.75	0.99
-3.93	-2.37
-0.13	-7.77
-0.51	9.32
-9.4	0.51
2.13	1.01
7.86	3.19
5.76	-9.65
2.16	4.49
-4.05	6
3.26	7.2
-6.92	-3.58
4.89	-7.16
2.79	-4.96
-2.09	-2.17
-2.55	-7.54
5.23	-3.61
-6.08	9.64
4.04	-7.04
-9.05	1.56
8.38	-1.9
-3.32	-6.76
2.19	8.14
-4.6	-7.22
7.65	-7.05
9.03	-2.32
-1.53	9.32
4.59	-4.16
-9.7	-3.15
-9.48	-9.72
1.26	2.79
7.51	-0.94
-0.25	-7.27
-7.58	-5.22
1.08	2.9
-1.86	6.59
5.81	-0.86
-1.97	4.05
-3.48	-7.47
7.58	-7.01
6.46	-7.46
-0.88	3.87
-6.03	4.61
7.72	9.23
-6.01	7.75
-6.57	1.13
-0.52	-8.04
-3.96	5.5
8.64	8.88
-8.69	5.54
6.86	4.68
0.86	-8.21
1.65	-5.94
-8.95	3.01
-6.2	-9.73
-8.98	-6.19
-5.5	0.45
-2.67	4.66
2.89	3.01
9.98	-3.72
8.51	7.51
-0.95	-4.99
2.88	-0.03
-2.47	9.67
-9.04	-6.01
-9.97	-3.58
-6.27	-2.49
-9.14	-5.42
4.64	9.94
-3.31	6.76
-8.11	-3.73
5.89	1.24
-7.96	-0.5
4.49	-1.79
1.69	-8.92
-0.55	-9.3
-7.69	7.66
8.78	-9.7
1.49	6.38
8.36	-2.59
0.21	1.89
4.19	-6.63
-9.79	-5.67
-8.89	5.6
-1.71	8.78
2.78	-0.32
-2	-5.81
-7.59	-0.69
0.96	4.25
-9.28	3.81
-2.6	3.69
-9.47	5.99
-0.28	0.64
0.06	-2.05
-7.07	9.64
-3.14	7.03
-6.65	3.06
4.83	-2.23
5.16	-7.41
-5.94	0.95
-2.49	9.14
-8.68	2.63
7.96	9.02
8.65	0.91
-0.25	6.34
4.85	-2.33
-2.93	2.65
-6.08	5.55
7.54	-1.67
-0.39	-8.8
-7.96	-7.16
5.11	0.86
2.96	-6.07
-4.35	-3.17
4.27	-2.49
-0.87	-6.04
-2.25	-7.97
-7.19	-8.35
-5.79	-4.25
6.97	7.95
-2.36	-4.31
-1.53	-9.27
1.49	6.91
8.9	-9.99
5.99	4.49
-2.91	7.99
1.44	7.44
1.27	8.05
-6.81	1.53
-2.54	-4.7
3.05	3.91
1.79	2.48
2.14	-4.93
-8.64	2.92
6.51	0.14
-0.6	-0.07
2.67	0.46
-0.31	0.7
-6.04	-8.84
-2.72	1.08
-6.79	6.77
-5.59	-6.85
5.65	4.87
-0.94	2
-6.89	-6.79
3.86	2.18
-4.32	5.78
-6.96	2.79
-5.75	3.37
-7.7	-1.67
4.97	1.99
-8.9	9.04
5.57	-9.51
6.58	0.01
8.04	-4.4
-1.84	-2.5
-4.36	-8.4
0.54	-3.86
4.41	4.43
1.74	-8.52
0.89	7.82
-4.15	-4.32
-8.69	0.28
-3.2	-1.63
-8.76	9.7
-1.78	4.13
-0.79	7.85
-8.09	-6.57
-6.49	9.06
5.4	-8.83
-7.39	2.7
-5.11	-3.9
-1.06	5.05
1.62	-3.5
-6.35	9.81
9	6.66
3.59	-1.85
8.14	6.15
-9.54	3.2
7.29	-4.78
8.36	-7.88
-5.78	-0.12
-2.86	-2.01
-1.94	-7.48
-8.26	2.04
-5.68	9.23
8.75	-4.94
8.1	-6.77
3.34	1.56
-0.65	-9.44
6.26	5.68
8.76	-5.9
6.17	5.66
-9.36	9.8
5.96	-5.54
6.44	-8.85
-8.23	-8.95
3.27	-7.79
3.23	0.52
-3.62	-5.32
7.59	8.4
-5.57	-4.56
-7.11	0.64
-7.35	1.11
-2.42	-5.24
2.26	2.49
-6.09	-4.57
4.23	1.3
1.31	4.32
-9.25	0.38
3.51	1.38
0.47	-4.86
1.76	-0.85
-2.45	-7.23
-8.16	-7.32
9.5	-7.34
1.69	4.56
5.1	-4.65
-3.4	7.99
5.11	5.32
6.46	-8.93
-5.65	8.64
5.71	8.98
-3.28	-4.55
-6.5	3.6
2.17	-4.7
1.15	3.84
8.77	9.48
7.16	-6.32
-7.51	-0.24
1.29	6.27
-6.22	3.76
6.51	5.87
-3.67	1.51
-1.72	-2.4
5.63	-5.41
-3.52	-3.2
-1.39	6.37
-2.96	7.62
8.82	3.32
7.93	0.23
-3.45	1.7
3.21	-0.67
5.35	0.06
0.8	-9.19
-2.57	3.75
-4.46	-1.03
-7.34	3.36
-8.3	2.66
5.82	0.94
6.02	6.49
-6.6	1.57
0.41	6.7
-4.43	4.1
0.41	1.84
8.57	6.84
-7.82	-4.58
-6.18	-0.28
-8.17	7.77
-7.15	1.87
1.07	0.69
-5.93	-0.5
-5.81	8.75
9.02	-7.46
9.97	-9.03
-1.16	2.75
-4.03	-3.85
1.61	2.2
-4.36	8.05
3.44	-9.01
-9.33	-2.59
2.97	-6.02
0.01	-3.24
4.13	-9.8
5.88	7.73
-5.11	7.71
-2.18	-6.03
2.48	-4.4
-2.82	-1.5
8.4	-1.28
-2.05	-8.55
6.64	-4.92
4.09	-9.91
-2.07	-4.89
5.05	4.86
4.3	8.05
3.71	1.93
-6.92	-2.54
-5.25	-3.89
-2.98	4.87
5.26	2.5
-9.27	2.01
-6.62	9.31
-3.81	-5.64
1.93	2.56
-7.96	7.75
-5.93	6.01
4.98	-0.46
6.29	9.82
9.55	-2.25
9.49	4.07
4.76	1.88
-3.4	-8.09
-6.36	9.93
3.44	8.48
-8.36	-7.74
-1.1	-7.24
-8.31	-7.47
2.36	9.97
-3.53	-5.8
9.8	0.39
5.53	-0.61
-8.04	4.22
3.07	5.7
5.71	4
5.03	7.23
-3.98	-7.54
-6.34	-8.83
9.46	-8.73
3.07	3.53
8.09	-1.33
6.31	5.35
8.43	2.57
7.48	-5.59
2.05	-5.49
6.63	7.6
6.09	-4.96
-6.5	-9.13
-4.39	6.06
-7.86	-6.01
-6.28	-9.78
-7.26	-6.69
2.61	5.09
4.22	8.92
-7.67	-4.22
-2.42	-6.41
4.39	-1.01
-4.79	7.44
-1.74	0.18
6.78	2.05
-9.11	8.53
-1.9	4.98
0.69	9.28
1.42	8.94
3.69	-3.16
-7.84	-4.4
-9.16	-2.25
-4.94	-6.8
-2.97	8.33
-9.86	10
-9.13	-7.11
7.95	4.07
-6.26	1.05
2.37	2.6
0.08	8.99
-7.44	-6.59
-9.21	-0.91
-5.51	-4.15
4.44	9.98
-2.77	-4.95
5.09	1.08
7.63	-9.3
-3.7	-9.46
-2.88	-9.24
0.7	-0.37
8.35	-0.08
8.91	5.27
1.83	-3.85
-2.89	-4.51
-2.37	5.68
8.56	-0.2
-7.98	-3.79
-9.64	6.81
7.66	9.39
3.22	-3.62
-2.13	-2.3
0.4	-1.12
-4.05	0.13
-2.97	-1.46
-4.88	0.84
-1.33	-5.4
-8.09	5.86
1.84	-5.93
8.24	-7.13
2.19	-7.78
9.02	-4.62
9.1	-2.59
-9.46	-9.64
-2.91	6.17
5.06	8.56
2.04	-3.34
6.28	9.89
-3.17	2.48
-5.41	6.98
2.99	-3.27
-2.07	-8.66
-3.45	7.52
6.86	3.21
-0.34	5.2
0.23	-0.71
0.56	5.4
-9.58	-3.2
5.37	-7.5
-5.74	4.4
1.85	5.51
-7.31	6.51
-9.98	4.77
-8.75	6.43
-8.66	-1.58
4.9	-0.82
0.52	-1.64
-1.47	8.67
2.22	6.94
9.52	-4.59
3.2	3.48
3.06	-7.13
3.3	-5.72
-8.96	4.44
-5.54	0.57
9.67	7.46
2.29	4.41
2.89	1.78
3.93	7.66
-6.88	6.62
-7.52	9.72
-1.93	-2.69
-4.54	7.61
-3.15	4.51
6.23	-6.09
3.08	-3.71
-3.89	-4.04
9.73	-6.1
8.65	-6.23
-5.54	7.29
6.62	-7.24
6.14	1.62
3.35	-5.25
8.19	-8.66
-3.09	9.59
5.58	-2.92
9.97	-8.82
5.81	-2.23
-3.72	6.95
7.72	2.53
-0.3	5.15
8.01	4.2
-5.36	-9.56
9.91	-1.99
2.55	-7.61
-2	-9.62
-9.2	-4.57
-6.15	-2.75
5.43	-3.17
1.48	0.98
-4.96	2.65
4.27	-9.87
8.88	-9.7
3.95	-3.71
4.55	-5.79
9.94	2.5
-8.67	-4.89
7.54	2.77
8.12	7.16
-4.53	-6.7
4.93	8.87
-5.07	1.36
-5.95	-0.33
0.25	-3.25
7.55	7.13
8	-5.21
-4.14	-5.93
6.77	-8.06
5.67	2.43
-9.72	6.76
-4.54	-5.91
-6.02	-0.19
-6.98	0.6
6.92	8.38
-9.12	7.49
-9.56	0.33
5.27	5.92
-5.25	-4.32
-2.82	2.87
-1.22	-1.15
-6.79	-3.49
2.55	-8.42
4.36	9.42
-5.99	8.52
-2.31	-1.6
-8.09	9.07
-3.11	7.05
-4.94	6.27
5.85	-4.74
-7.39	-6.66
3.08	-4.96
2.53	-8.9
-4.86	1.79
-1.86	4.49
-5.62	-3.82
-0.63	2.17
4.33	-4.05
9.93	-0.58
-5.91	-9.5
1.29	-9.31
-5.93	9.24
-4.57	1.44
0.63	1.44
-2.6	-7.29
0.78	-7.07
-0.37	4.27
5.85	2.58
7.6	-6.59
-3.32	-5.28
-7.95	2.7
1.84	0.35
10	-8.14
2.63	6.71
6.23	9.3
1.75	0.52
-4.49	-0.31
6.46	-9.99
2.02	1.94
-4.45	0.99
-8.6	3.91
0.81	8.31
1.46	5.27
2.25	6.59
0.16	7.56
-1.13	4.34
-6.05	0.99
-8.77	-8.99
5.75	-0.21
0.47	7.84
-6.18	-8.31
-8.09	6.2
-1.55	2.76
8.82	-0.97
-6.57	-6.92
0.2	9.23
-8.14	6.91
-6.79	9.32
-1.3	4.75
-9.33	-8.76
4.04	-2.61
9.95	-9.74
-3.72	10
5.69	7.29
6.02	4.51
1.58	1.29
-8.93	-8.41
9.72	5.26
-3.6	-6.11
-3.15	-2.57
-6.05	-8.43
-4.59	3.93
-5.55	-7.78
-8.09	-2.24
-2.96	-6.49
5.59	1.7
1.31	-6.93
2.8	-7.29
-1.15	-4.27
2.43	0.77
-4.21	5.53
-3.23	-4.7
3.98	-6.02
2.22	1.57
7.59	4.24
1.32	-0.13
2.91	-1.06
-8.42	0.69
-1.95	-8.17
-5.47	-0.94
-3.3	-1.18
3.11	-2.05
9.55	9.73
0.39	-7.76
5.12	-7.3
-6.08	1.61
1.48	3.56
4.29	-8.6
5.37	6.59
7.52	6.92
-8.07	-3.69
-7.92	6.36
5.58	5.9
8.92	4.23
0.44	0.89
-9.15	-4.36
7.09	6
-7.97	-8.48
-9.53	5.49
-7.11	7.17
-7.27	-9.57
8.41	-8.85
9.81	3.86
0.01	6.35
-3.5	8.3
-7.52	1.69
7.86	8.94
-9.37	-7.47
9.54	-2.21
1.3	9.53
-0.89	-3.95
-1.02	3.69
-0.92	0.43
-9.72	5.61
-0.5	5.63
0.12	7.51
8.11	-10
-2.3	9.78
-7.21	-4.36
-2.37	5.03
4.09	-3.17
4.65	2.65
1.04	-9.93
-1.99	-7.93
1.11	8.89
2.25	3.16
8.38	-8.74
9.33	7.29
-1.77	-9.29
-1.34	-7.66
-1.47	-9.73
0.54	-2.66
1.04	9.46
-2.9	-5.54
-2.44	5.82
-1.86	-1.13
2.97	4.39
1.73	-0.04
-6.18	-7.67
-7.28	-6.85
7.63	8.63
-9.08	-5.28
-5.41	6.03
7.5	-5.52
-4.6	-5.74
-7.74	-8.41
9.69	8.63
-3.9	-6.47
0.72	-6.08
-5.72	-7.07
-2.01	6.18
5.83	8.02
-3.55	-5.99
2.72	-7.75
0.08	-3.73
-8.61	1.15
-6.19	-5.32
7.92	5.19
2.01	3.58
-4.76	-2.13
8.95	0.32
-3.13	-3.6
2.47	-4.07
5.73	8.49
-6.32	-0.07
-1.29	-6.26
8.16	-5.17
0.25	2.41
-6.31	9.24
-9.47	2.56
-8.94	-4.86
9.73	1.22
-1.92	-6.51
4.21	0.38
9.45	-6
-0.95	-8.1
1.47	8.34
-2	-7.98
0.89	0.74
-5.78	-1.77
9.36	6.98
1.7	0.86
3.43	-7.7
-1.58	-4.8
-9.95	1.53
2.37	2.41
-8.76	1.88
4.83	-0.67
-1.03	7.83
-8.5	9.64
-3.7	-1.78
0.72	-0.16
0.58	-1.54
-1.28	-6.89
-8.79	4.19
-1.93	-0.72
5.94	-9.17
-4.99	2.94
-0.08	4.34
-3.21	-1.06
-6.25	3.82
-1.37	0.59
-5.92	7.26
3.01	-7.53
-5.4	6.96
-4.28	-0.12
-0.93	-2.07
8.29	7.51
1.1	8.26
-1.64	0.14
7.27	-0.85
-0.76	-8.28
0.38	-9.73
-5.31	-5.44
-9.72	-4.2
8.92	-5.17
-4.56	-7.19
6.96	5.57
-7.09	6.72
-8.71	-5.75
6.51	5.59
1.39	-6.83
3.29	1.18
-7.1	-6.83
-4.66	-7.66
-5.55	2.39
-8.69	-5.25
-9.86	-4.08
-7.91	0.74
9.53	-3.92
7.42	-1.74
-5.21	-7.54
7.15	-7.69
2.54	-9.03
6.31	-9.28
7.16	-3.7
-8.91	-4.18
-1.01	0.31
-8.36	9.74
-5.75	-9.85
-0.88	-5.28
9.96	-1.37
7.23	9.04
3.45	4.88
-9.4	-1.09
-1.55	-0.89
-8.99	-8.24
-6.02	5.28
-4.61	5.89
3.51	4.93
2.27	-5.35
4.31	-3.99
7.18	8.3
-8.58	-3.88
-2.69	-6.57
-2.73	4.74
-1.33	-6.61
2.59	2.29
-2.24	-7.88
-4.95	3.75
7.3	2.13
1.46	-8.81
4.57	-2.61
5.98	-0.55
-1.5	1.23
0.38	-9.95
8.15	-3.52
8.16	-4.82
5.36	2.32
-7.92	8.36
-9.35	5.45
-5.02	-4.58
-7.64	0.71
3.23	3.42
-0.07	-3.8
-5.94	-9.59
6.15	9.12
5.24	7.02
5.6	-9.99
1.01	2.49
-3.99	-2.75
9.02	-1.17
4.12	-7.2
7.44	5
-0.58	2.83
4.11	0.73
-4.29	-2.86
-4.34	-9.34
-3.71	6.09
-6.37	-7.67
-6.96	-3.63
-9.43	-7.06
-8.34	8.33
4.85	7.2
-0.93	-1.43
1.93	2.76
6.86	4.15
-6.66	6.81
0.98	-9.62
2.69	9
-7.82	3.47
1.07	8.47
0.99	0.86
3.25	1.22
6.33	2.5
-4.44	9.43
-0.27	-5.01
-8.69	-5.54
0.28	-8.35
9.57	-8.99
8.49	6.62
-8.48	-6.99
-0.39	-1.28
7.19	3.89
-2.31	-2.54
-5.96	5.66
-9.97	-2.18
9	-6.86
-5.17	-5.62
-9.13	7.76
9.95	-5.11
-5.49	2.34
-1.09	3.91
-6.52	-4.54
-9.83	-1.9
-2.54	-7.13
-3.06	-5.45
-9.6	-8.32
-8.49	-6.34
-2.14	9.23
9.73	2.73
-5.09	9.26
-2.33	-2.55
5	-1.56
2.16	-7.29
0.53	-8.81
-6.3	0.1
3.04	5.58
0.06	-4.65
-9.3	8.42
5.46	9.24
-6.78	2.93
1.78	9.78
3.69	-9.14
9.53	8.55
-6.82	9.4
4.84	-6.02
-0.3	-5.74
0.85	8.69
3.94	6.5
-1.44	-5.33
-4.39	-3.4
7.51	-7.1
-5.27	1.11
1.84	-3.66
7.76	9.49
-4.52	-9.83
-6.39	2.65
5.78	-3.66
4.31	6.59
-9.23	-5.91
-2.33	-2.73
0.97	7.59
-5.08	-9.25
-4.83	6.35
-7.56	0.05
1.45	4.89
-4.09	0.73
0.53	1.2
-6.01	-5.74
4.03	-4.06
-1.96	7.28
-1.14	1.31
-3.89	-5.14
-2.67	1.11
1.24	8.22
-4.75	-1.01
0.32	-1.76
9.68	2.86
4.86	-7.26
4.81	-8.65
5.82	6.64
-3.16	1.78
-0.31	8.72
-5.38	-9.82
-3.52	-9.94
-8.44	-3.57
-5.79	2.88
3.22	7.84
8.18	9.12
1.98	2.9
8.12	-0.36
-8.57	-3.9
3.86	-9.16
-2.16	6.61
-6.55	-3.21
-3.22	-3.02
8.34	-4.03
-4.05	7.62
-3	-7.82
7.1	-8.26
-1.99	1.73
-5.37	-7.61
7.37	8.59
9.22	9.68
5.83	8.18
9.08	-5.23
-7.66	-3.41
-8.06	5.15
3.16	4.28
0.04	9.17
-2.55	5.15
-7.18	5.29
-2.01	-9.28
-7.24	-3.97
-5.96	8.87
6.28	-5.12
7.58	9.11
6.45	-7.53
-4.17	-9.18
-0.53	0.64
-4.45	9.65
-0.21	-8.25
-5.19	-1.5
9.21	-9.66
-5.08	-9.54
-4.44	-7.32
4.52	-9.07
-9.06	-2.88
-3.48	3.75
-9.49	9.52
7.79	5.98
-9.16	3.88
9.16	-1.46
-3.07	-9.11
0.19	8.74
6.22	8.02
3.88	6
-2.42	4.89
3.2	2.33
-0.35	8.73
-1.18	7.04
-7.81	-6.38
2.59	-2.65
-4.74	4.61
0.13	-6.05
5.46	8.1
9.54	1.87
-2.52	4.19
6.74	-9.14
-4.61	-0.57
-6.56	5.3
1.92	6.25
0.09	1.28
-7.96	-5.23
-0.27	-6.52
-0.7	7.26
-8.62	-5.96
2.99	5.27
-3.16	-6.23
-1.07	3.54
-4.08	1.51
6.89	-8.82
-4.26	-0.44
4.99	8.8
3.62	-1.91
-0.04	-9.25
-7.41	5.76
9.76	-2.34
-3.5	-4.36
-3.25	0.39
9.61	-8.41
5.86	-8.3
8.42	4.54
-0.16	-5.58
5.14	-8.04
5.81	-7.85
-4.25	-3.94
6.15	-8.23
9.62	-3.06
6.36	-4.22
8.55	5.55
9.12	5.02
-5.71	5.87
3.16	1.9
-9.27	-3.08
-4.09	0.42
-9.49	-4.71
6.54	-5.4
-6.4	-9.36
-2.73	-5.42
-6.29	8.03
7.85	2.64
4.47	2.97
-1.55	0.78
-9.87	-3.89
1.06	6.48
-3.61	-6.89
-0.01	5.1
-8.79	-8.05
-2.53	-7.14
1.89	2.01
-3.2	-9.24
4.73	-2.59
-8.69	-2.32
-5.96	-4.53
-2.78	-6.49
6.28	-1.54
-4.42	-1.62
-7.07	-1.58
-1.38	2.77
-2.51	5.66
2.88	-4.65
-1.5	1.73
9.36	1.86
-9.73	-8.57
-2.03	-6.78
-1.65	2.14
-5.63	3.42
-6.3	-3.33
8.15	5.56
7.02	4.74
5.43	1.79
9.22	7.4
-6.97	-4.56
7.59	-4.48
0.75	-1.12
-0.02	-9.92
-5.22	-4.43
-2.24	-8.98
6.08	0.5
-6.52	5.47
-9.3	-4.97
1.75	6.36
-8.51	-6.49
-1.49	7.35
2.9	3.19
-2.49	-7.78
9.77	-8.06
-6.76	-3.15
5.2	-7.54
1.81	-2.64
-4.16	-6.74
2.65	9.23
4.77	4.83
2.73	-9.84
0.85	-3.26
-0.7	3.89
1.56	-8.47
-4.9	-8.38
-6.2	-2.95
6.88	9.48
8.11	-7.63
8.41	7.35
9.36	-4.64
1.1	5.29
-0.77	9.41
5.51	-0.46
-5.11	8.31
-7.56	0.2
9.92	-8.5
-4.05	4.94
1.19	-2.52
-1.39	7.83
-5.01	-9.26
-0.61	-2.96
-2.74	-6.44
-7.4	-4.15
-5.86	-7.28
-6.14	-3.08
-0.12	5.47
-8.81	5.5
2.92	1.48
-4.24	6.45
2.03	-8.49
2.93	-5.18
5.1	4.23
4.16	-4.4
5.15	2.17
9.61	-0.16
9.34	4.6
-2.7	-0.24
6.64	1.55
-4.38	-2.82
-2.73	-9.98
-5.99	1.35
-1.15	-4.96
-1.38	-5.41
-7.35	3.16
-1.17	7.96
-6.57	-4.87
6.07	-3.29
7.2	-8.81
2.16	-4.1
-9.46	8.01
-3.85	9.67
0.19	6.57
3.16	-3.87
-8.05	5.45
6.42	-9.76
-2.22	0.59
-1.9	2.46
7.87	6.22
-2.84	-7.62
-9.1	-5.38
5.11	0.47
4.79	-6.75
8.37	-7.83
-6.36	5.8
6.58	8.19
7.16	3.82
3.3	-5.61
6.46	-7.13
2.48	3.65
2.34	-4.48
1.71	-7.45
3.78	-4.96
-4.13	9.12
-3.31	6.36
6.43	8.29
-7.24	-5.57
2.45	-4.07
-7.22	7.03
-7.51	1.26
5.52	8.16
-0.64	9.47
4.91	0.12
8.23	4.21
0.92	-4.54
2.06	2.36
8.18	0.28
-3.64	0.24
-2.76	-4.89
6.8	1.09
9.04	-6.58
-4.9	6.58
-8.27	3.59
3.24	-2.82
5.68	2.59
-8	7.17
3.79	-1.6
-0.56	9.41
-4.04	8.37
-9.36	-8.82
-5.22	-3.29
4.44	-3.32
-0.87	-2.84
-4.49	3.44
-9.57	7.08
0.55	-6.25
7.41	4.62
-7.16	8.34
8.47	-9.21
-2.36	-1.31
-2.43	-8.18
1.2	4.27
-4.63	5.71
-5.11	5.3
-7.21	-2.61
1.38	0.23
9.62	9.61
9.77	0.37
2.05	-7.13
6.86	-7.75
-9.97	7.49
-5.85	0.23
9.75	-4.38
-5.11	-9.02
-9.85	-6.39
-3.18	4.81
8.75	-6.8
9.46	-3.59
-7.77	-1.39
3.73	-4.34
8.89	9.97
-7.62	-7.43
7.62	-6.26
-9.61	8.23
3.64	-9.44
1.3	-9.01
4.03	6.19
-4.64	-0.45
5.64	-2.16
4.85	-6.31
-7.51	-3.95
5.02	5.86
6.36	3.26
0.51	9.3
-5.14	9.55
-4	3.21
7.14	-0.41
-7.07	2.42
-1.35	5.67
9.98	5.61
-0.41	-5.46
-2.28	-6.15
-0.61	3.76
8.07	8.61
2.11	5.54
-9.89	-1.4
9.82	1.07
-2.38	6.55
8.89	4.06
-1.57	-8.17
3.23	7.99
5.45	8
-3.39	7.57
4.18	7.68
-0.35	-5.61
-5.47	-4.12
-9.88	9.81
-9.89	-7.96
-5.61	-2.25
2.72	-0.12
-2.77	5.87
2.81	0.81
-7.1	-7.07
-0.9	4.09
-7.03	-1.37
-2.33	-7.94
0.21	5.55
9.01	-4.48
-2.6	-3.41
-5.08	-8.86
-9.63	9.23
0.82	-3.26
-8.43	-2.82
4.35	-2.58
0.17	-6.26
-2.67	8.91
-2.96	-8.33
9.21	1.43
-7.82	-8.26
3.32	5.86
2.64	-8.13
-0.57	-0.09
-4.05	-6.46
-4.84	3.62
-7.46	6.34
-6.49	-3.55
-8.76	-5.77
6.78	4.91
-4.53	-5.66
-5.98	-4.02
-5.85	-5.09
8.38	-6.13
-9.39	-5.27
9.73	5.36
-5.13	-4.24
8.82	7.31
-8.72	8.68
-5.23	8.23
1.8	5.89
-2.5	-0.95
5.46	1.41
-3.65	-7.88
1.58	-5.22
7.21	2.37
-7.39	-4.84
-8.73	5.91
-6.56	5.64
-0.04	6.45
5.73	8.86
-6.25	4.97
-3.48	-4.15
-9.6	-5.98
-5.35	0.73
0.91	-5.37
2.76	-7.65
2.26	-6.01
-9.55	-1.15
4.28	9.14
0.89	-1.3
-3.54	3.94
2.71	-6.09
7.3	6.39
-5.13	-9.38
-4.67	2.04
-9.34	-7.93
-9.94	-5.04
0.16	3.87
-0.37	1.63
-1.47	7.75
-2.39	2.32
5.92	-8.13
9.28	2.12
7.88	-4.03
4.35	-0.39
6.6	-7.85
-3.81	-1.31
-6.17	2
3.81	-5.38
6.04	-3.3
-3.98	-0.37
4.77	-6.84
8.18	-3
-7.72	7.92
-2.88	-5.37
-8.58	-10
-3.69	-5.9
-2.68	8.47
-5.55	-7.25
2.47	5.18
0.2	-1.78
6.08	-9.47
-2.93	-8.14
7.09	4.69
2.84	-3.78
-1.4	1.05
5.45	-9.06
-5.59	-7.25
-6.06	5.44
-8.68	-6.76
-0.34	-5.02
4.19	-5.83
3.49	-8.42
-8.94	-2.74
-2.31	8.83
-1.17	-9.2
3.57	7.74
-7.11	-1.51
-2.85	-2.92
0.16	-2.9
-9.99	3.6
3.39	8.65
7.84	3.98
-9.86	-8.04
2.7	6.44
-1.95	-7.08
-5.35	-4.52
4.13	7.87
-7.19	-6.42
-0.37	2.12
0.4	-7.44
-6.43	5.23
-2	-7.96
-9.97	7.91
0.57	8.98
7.17	6.61
5.78	7.34
-7.6	3
-2.36	-5.61
4.38	-1.81
-8.63	0.13
-4.89	1.02
-1.93	3.66
-5.7	-1.88
0.77	-2.67
-3.41	-10
5.81	-6.83
5.36	-9.28
7.76	-3.39
9.96	6.09
1.64	-3.76
-8.54	-8.43
1.85	-0.94
-5.69	-9.21
-7.28	-5.6
5.57	9.24
3.66	5.67
0.79	4.03
-3.26	8.42
-2.18	1.35
9.89	-7.8
5.06	5.34
9.45	3.7
-8.04	-1.3
-5.25	3.01
-4.2	-1.05
8.69	4.44
-7.81	9.32
-6.44	-6.49
-8.93	-3.13
-3.37	9.83
-0.14	-4.5
6.63	9.86
4.76	-8.29
7.78	3.2
3	3.32
-4.38	-5.75
-2.26	-3.2
9.06	-5.58
-6.49	7.25
7.66	-1.3
3.44	9.41
-1.77	-1.58
8.57	-3.87
-3.07	4.72
2.34	-4.98
-2.89	2.44
-3.11	-0.97
1.89	9.36
-1.93	-3.78
-1.1	-0.17
-9.79	1.85
1.69	-0.84
6.32	4.38
8.03	9.82
7.24	-8.93
6.28	8.5
-0.96	1.62
-8.24	0.19
7.69	-2.49
-6.35	7.43
-8.79	-0.54
9	-7.16
-7.12	-9.27
3.93	-5.15
7.86	2.12
3.87	6.99
4.55	5.24
-9.98	-8.29
-7.32	-8.1
-9.38	-2.15
8.24	7.74
0.03	-9.07
7.97	-9.58
-8.88	6.7
-7.8	-4.02
5.79	7.66
-0.16	1.36
1.96	-8.95
7.2	1.7
6.84	-1.62
-7.91	-6.32
0.05	-3.09
-6.32	-0.95
7.83	2.39
5.17	-3.27
-1.69	5.82
-7.67	8.72
2.44	0.92
9.01	1.89
-5.28	7.87
1.09	-1.01
1.81	-9.13
-2.7	-3.41
-0.63	-5.61
9.19	2.2
-1.75	8.66
3.52	-9.38
0.79	4.71
-7.36	4.64
1.61	-6.44
-5.14	1.4
2.56	2.6
4.69	9.76
6.61	2.77
-2.79	1.74
3.87	2.78
0.13	-5.66
9.72	9.56
9.74	5.61
8.87	-0.03
-6.9	-1.82
6.37	-7.11
3.92	-4.53
-0.84	6.17
8.85	3.86
0.56	4.31
-9.45	2.55
9.28	-4.47
-6.12	-0.72
-7.79	-1.47
-6.27	-0.22
3.89	9.04
-4.54	0.33
6.72	5.61
1.97	3.17
2.5	-8.25
9.05	-3.39
-8.41	-6.25
6.07	6.32
-8.11	-9.39
-5.32	-1.81
9.32	3.5
-4.94	-5.06
9.09	-3.5
8.84	3.52
-3.73	4.69
-5.58	7.21
6.21	-4.74
7.54	6.6
-4.78	7.04
-5.68	-6.98
-3.45	9.48
-3.24	1.38
-5.32	-3.11
-3.92	3.64
-9.25	3
5.26	0.64
7.1	-7.65
7.85	6.68
-2.2	8.87
7.18	-2.08
7.17	0.8
-6.85	-1.15
7.15	-2.57
0.09	0.33
-4.36	7.25
9.34	1.54
-1.32	0.81
5.53	3.29
-0.27	6.56
-9.73	4.07
-8.25	-1.49
-2.13	-1.77
0.46	-1.51
1.21	4.11
-8.86	3.2
-7.23	-0.93
1.33	1.65
-3.09	-2.05
-1.9	-1.13
3.39	8.43
3.04	-2.45
-2.5	4.05
6.67	-9.56
-5.08	-3.67
1.5	-4.89
-3.53	-8.72
-1.84	-1.79
-5.25	-0.45
4.54	-5.54
-0.74	-8.68
-1.69	-8.1
1.03	-6.55
1.2	4.19
1.51	4.52
-1.03	5.28
-1.72	2.79
-6.33	0.74
-2.69	4.9
8.61	6.14
-1.6	3.88
-4.28	-1.27
-2.57	-8.37
1.66	-3.8
-9.31	7.34
-7.34	-5.75
3.97	-2.32
7.19	0.13
4.15	6.81
6.11	5.15
-2.47	9.94
4.96	4.25
2.02	4.19
3.59	4.87
-4.2	2.53
8.97	1.22
-6.49	-9.11
8.31	2.92
6.19	8.55
-2.54	7.56
-8.31	5.19
1.73	8.79
6.44	7.28
-7.49	1.04
0.92	2.76
5.23	-3.19
-0.94	-6.64
0.1	-2.06
1.59	7.41
-5.69	-9.77
-0.08	7.98
-7.47	-7.24
2.55	-9.29
9.09	6.67
8.24	-8.41
-6.18	-6.4
5.85	1.28
3.89	2.29
9.78	6.78
1.25	8.4
-4.59	8.82
-0.79	8.82
4.28	1.89
2.64	-5.83
-2.33	-7.18
-8.39	-8.04
-9.41	-4.26
4.74	-2.39
8.49	1.98
8.91	6.94
-3.17	0.76
-7.77	-3.91
-2.75	9.95
-9.43	9.88
-1.07	-3.92
8.8	-4.37
-8.71	3.11
6.42	8.02
-8.79	7.53
-7.17	-2.18
8.1	2.23
-8.16	-0.25
-3.6	0.15
6.13	-8.67
-0.44	8.81
-4.96	-6.07
3.26	-9.62
-5.95	-2.06
-1.69	2.9
-0.93	1.18
-5.21	6.08
9.45	0.27
-5.17	-6.54
9.5	-0.77
4.37	0.67
-8.77	-7.58
1.28	-6.64
-5.1	-0.97
-0.91	2.86
-7.1	6.34
8.6	6.2
-5.17	-0.85
6.03	0.12
-7.59	-4.14
-0.59	5.94
3.5	2.23
-1.67	9.46
-7.31	-8.97
9.28	-2.99
-4.31	-9.73
2.79	-3.01
-0.62	-2.04
7.67	-2.3
0.21	-7.08
1.4	-6.72
-9.88	-8.53
4.08	-2.52
-8.87	-9.27
2.71	-5.8
-5.12	4.77
-3.68	9.17
6.03	8.3
9.5	-2.83
-1.44	-1.26
6.55	3.19
-8.02	-7.77
-2.65	-4.05
-2.68	6.3
8.68	-2.54
-4.62	-5.55
-9.55	9.69
3.87	4.61
-6.7	-3.87
-6.81	-6.6
-2.33	2.4
-2.14	1.91
3.59	8.08
-1.11	0.93
4.1	-9.1
8.15	7.86
0.41	9.94
-8.83	-5.14
4.74	7.59
-7.26	1.54
-0.03	-4.89
-4.86	-6.88
-2.74	5.53
1.14	6.96
5.43	-3.29
7.04	-3.74
-9.3	0.48
1.52	3.89
5.64	-3.65
9.34	-7.84
-0.08	9.36
-8.21	3.81
-4.3	7.23
8.12	-4.21
2.13	-5.25
0.05	-6.47
1.81	-6.51
7.3	5.88
7.55	-1.54
1.03	-0.84
8.23	4.13
-3.58	-3.88
5.72	8.42
-6.13	7.18
5.33	3.12
-0.47	-4.24
5.01	-8.78
1.68	-5.33
1.07	2.6
8.38	4.49
2.88	-1.63
-6.27	2.06
-5.98	2.68
-0.12	4.99
3.43	-3.02
-0.63	5.48
-7.3	6.84
-2.66	-0.8
-7.61	9.98
-8.08	5.52
-1.73	3.53
-6.77	-7.22
-0.35	3.51
-7.89	3.48
-3.59	8.3
-1.58	2.06
4.54	7.19
-0.24	-6.99
-5.23	2.16
-4.28	1.61
4.8	6.03
-1.16	5.2
-0.03	-5.18
1.27	6.56
-5.92	0.86
-1.33	3.13
0.85	-6.69
2.29	-9.15
1.79	8.03
4.56	5.33
9.96	2.77
-9.62	2.26
-3.9	3.93
8.8	-6.18
-4.82	-4.63
-4.51	-4.04
-9.35	-4.45
3.74	2.28
4.17	0.04
-2.04	-8.45
-3.74	-9.44
2.26	9.6
1.02	-6.99
-8.76	5.23
-8.22	-0.53
2.52	-8.51
7.26	-8.97
9.13	0.12
-6.94	3.16
-1.16	-5.61
2.25	-9.36
-6.6	-9.82
-3.01	-3.19
1.14	2.83
-4.12	-2
-5.18	-5.51
-5.26	-5.51
-9.16	1.49
-0.41	8.13
-0.31	8.54
-8.41	-4.82
5.38	1.97
-7.1	-4.07
-4.2	-2.01
6.29	-5.2
6.35	3.73
5.5	5.79
0.1	-8.88
5.89	1.14
-4.16	6.71
-0.99	4.52
2.57	6.44
9.2	-5.16
-8.41	7.97
6.11	-3.85
-3.61	6.43
-7.59	0.73
2.26	3.7
-0.59	-0.64
-5.3	1.38
4.18	4.05
-4.7	1.71
-0.26	-9.98
-0.02	-4.41
2.04	-8.27
8.27	-9.86
9.54	-4.44
-9.72	6.31
6.31	-0.05
-4.07	9.31
-9.83	6.73
-3.16	-1.47
8.79	-6.51
-6.22	6.91
8.71	-1.85
-4.46	7.87
-1.23	9.18
-1.87	9.13
1.72	-6.66
6.74	3.52
5.47	-2.81
-5.77	6.18
2.48	1.91
-5.42	1.94
-2.54	-1.51
-2.43	-0.47
-6.93	-0.22
4.13	-6.46
8.03	-4.09
7.2	-3.7
-8.79	5.3
0.33	3.85
6.21	-7.17
5.91	7.3
8.87	0.06
9.99	9.87
-9.42	5.54
3.97	-0.4
1.81	-3.22
-5.98	-8.51
4.26	-1.73
9.65	7.69
1.79	5.22
-7	-1.91
-2.05	1.74
7.78	-0.69
-5.92	3.91
-8.61	-0.66
-9.04	4.87
-0.59	8.67
6.12	-3.37
6.12	-2.33
1.49	0.54
-8.89	6.3
-2.27	2.27
1.22	0.91
-9.43	3.4
-9.26	-3.11
0.03	-8.79
0.92	-7.78
-8.42	-2.71
-7.98	-9.35
-6.48	0.25
-0.45	0.84
-5.26	-1.41
-5.38	9.42
0.03	-7.42
-7.57	6.1
8.01	4.49
8.39	-0.28
6.49	1.48
-2.61	7.12
-7.08	8.7
5.75	-9.52
-5.17	-0.93
2.98	-0.31
-8.8	2.25
-2.95	-2.62
-4.37	5.57
0.5	-3.54
6.39	3.53
-7.97	3.82
2.36	-9.23
8.8	1.74
5.29	1.64
0.12	-8.14
9.52	-8.4
-9.69	7.73
2.81	-3.29
-5.68	-4.23
-1.27	-6.22
9.18	-8.33
-8.03	2.83
3.38	6.14
9.57	2.32
-6.92	7.2
-8.91	-0.51
1.07	-8.47
9.78	8.58
-6.13	-1.11
5.61	-5.04
1.65	-2.98
-5.52	-5.77
6.76	5.16
9.01	1.78
-0.4	8.11
8.22	8.59
2.1	2.95
0.1	-9.12
8.58	0.67
4.57	-9.14
9.47	-8.4
7.29	9.76
7.88	-7.36
8.36	9.03
-2.59	-8.61
0.27	7.42
7.35	6.97
5.87	-5.7
6.07	8.46
0.54	5.28
-9	-0.72
-2.41	-9.9
-3.41	0.22
8.45	4.39
-5.13	1.04
1.31	-1.53
2.55	-2.18
-7.47	-4.58
6.5	6.56
0.28	5.26
-5.17	-5.21
-3.06	2.97
-8.76	7.87
-8.59	8.21
3.01	7.58
3.31	-6.69
-1.22	0.67
-3.48	-5.67
2.33	-1.62
-6.42	-8.35
-9.18	5.02
0.55	6.85
-2.61	5.49
8.8	-4.8
5.76	-8.63
-2.19	6.06
3.87	1.88
4.3	-1.77
5.2	3.99
-1.36	-0.02
4.07	7.56
-2.31	4.76
0.05	-6.32
-6.94	-9.67
3.41	2.81
-4.34	-6.67
3.86	1.09
5.81	3.55
4.21	1.39
-5.14	4.69
-9.55	-3.49
8.46	-4.51
7.41	4.9
-0.95	-5.49
9.56	0.36
-4.34	-6.74
-4.78	-1.33
-5.01	-4.58
-4.89	-2.39
2.76	-4.5
-7.91	-6.89
6.32	-3.08
8.8	-9.5
3.41	8.28
-8.04	-8.52
8.26	-2.23
-6.64	8.35
9.73	-6.57
-2.57	1.74
4.63	0.14
6.01	8.48
-3.97	7.4
-8.94	-8.87
5.4	8.13
4.41	-5.83
-0.61	8.1
5.36	8.48
-7.45	-3.67
-6.55	-0.72
3.4	-7.19
-7.24	8.24
-0.17	-8.54
5.33	3.09
5.71	-7.3
-0.93	0.75
8.62	-7.7
8.01	-2.83
6.3	-1.86
-4.41	-7.74
6.23	6.64
8.7	-9.23
7.18	-7.14
7.25	-1.01
4.73	-3.91
3.52	3.69
2.92	-1.92
-4.54	-4.49
0.43	-0.49
-1.82	7.42
0.88	6.93
-1.28	-3.79
-4.21	-6.87
-4.01	2.61
3.62	-2.96
-8.23	2.07
-6.47	-1.72
1	9.33
5.9	-9.16
-6.77	-3.93
5.19	3.34
7.43	-0.21
-9.49	-3.29
-2.15	6.97
5.06	-6.53
-6.6	-2.07
0.65	2.72
-4.09	-7.81
2.63	-7.9
4.91	9.38
9.98	5.28
-4.78	-8.7
1.95	-6.88
-3.37	-9.16
0.21	6.37
5.01	7.81
3.36	-0.03
7.36	-9.97
-2.58	-8.76
7.19	3.84
8.52	9.29
-6.96	8.98
-1.9	-9.48
2.24	7.97
6.71	-6.65
-8.02	-0.74
3.19	-7.24
2.25	-6.49
-0.67	-3.39
-7.31	-1.06
-4.04	8.31
-4.52	9.06
-3.99	-3.32
-5.26	3.93
7.76	-9.43
8.58	7.59
-5.14	3.83
0.92	5.72
-0.7	-3.26
0.6	4.16
8.41	4.34
0.52	-7.82
9.3	1.31
-5.73	-2.01
-6.09	3.95
-3.89	-0.37
5.64	1.44
0.56	-8.98
1.25	-9.83
7.65	-0.06
-2.31	6.87
-4.55	-2.21
-5.81	5.29
-0.86	-7.42
1.73	4.75
1.11	8.32
2.71	5.18
4.14	-3.13
-8.58	1.9
5.6	8.97
5.71	7.72
-3.55	2.48
6.03	-8.67
-4.53	-0.8
-0.11	3.35
-3.04	3.31
0.47	5.52
-8.43	6.27
5.48	-0.85
-0.01	4.58
-9.64	-3.92
2.09	7.75
-9.95	9.07
3.04	5.07
8.86	0.58
-2.51	5.32
0.02	8.32
-9.94	7.98
-6.25	6.61
7.74	7.65
9.05	-4.6
-6.64	1.24
-7.61	-3.11
-5.99	2.77
3.19	-5.21
8.66	6.59
1.66	-1.02
4	-0.4
-8.09	8.07
2.95	1.52
-2.74	-7.65
-1.85	2.11
-7.85	7.27
-10	4.61
-3.81	-1.45
-3.47	7.41
-8.37	7.66
-1.22	-4.54
1.75	-7.78
-6.57	-0.88
-3.78	6.4
3.01	-8.57
-4.03	3.27
-0.3	-7.22
-9.24	-8.62
6.35	-7.53
6.6	8.97
4.48	4.38
0.27	5.08
-7.66	9.56
-1.52	7.39
8.92	4.43
-8.17	3.52
-7.39	-7.54
7.94	5.86
-9.08	-2.18
6.56	2.07
-4.27	8.6
-2.03	-5.29
9.75	-6.19
-1.76	7.52
-9.37	3.52
0.14	-9.01
-1.66	-5.68
1.43	-5.65
-2.04	-2.9
2.88	-5.5
-1.09	6.96
-9.16	-0.76
7.52	5.48
-4.72	0.87
-4.74	7.31
-0.99	-0.77
-2.79	-1.71
-2.72	-5.64
2.61	0.52
0.21	3.02
9.15	-1.2
5.8	-3.89
-6.43	5.03
7.79	-2.39
-0.23	3.35
-0.39	-7.03
-3.92	-3.14
-8.54	2.46
5.69	-0.72
-8.35	4.48
-2.37	0.48
-2.17	-8.55
1.48	-9.39
1.27	6.75
-5.32	2.72
-3.58	-0.21
7.12	-0.76
7.63	-1.41
2.47	-4.46
-6.46	-4.57
-4.72	-8.47
-2.71	9.25
-5.54	-6.97
-5.97	4.93
4.33	-1.05
-5.86	-5.5
-3.34	-5.79
0.54	-9.27
4.39	5.19
0.07	5.11
-0.68	8.95
8.38	2.62
8.08	-9
-8.77	1.99
-1.29	-0.67
5.2	7.18
-4.13	4.87
1.81	-3.25
-2.79	-1.41
7.27	-1.88
-0.63	-0.77
2.94	-5.54
-8.03	-7.34
-2.55	-3.24
-1.39	-5.91
-9.68	1.37
8.39	4.04
-7.76	1.09
3.43	-0.52
1.24	6.57
-6.11	-4.82
-1.88	4.03
2.86	2.3
-4.05	-9.02
-6.09	-3.37
1.24	6.17
8.25	-9.93
-6.19	-1.55
-7.56	2.44
6.83	-1.14
0.8	-1.4
6.75	7.68
6.63	9.82
4.41	-7.27
-6.77	-5.84
7.4	-9.11
-0.19	-8.9
8.79	-3.51
8.67	-4.97
-8.96	-0.94
-8.34	-9.97
-2.32	0.07
5.92	-5.1
5.29	-10
0.02	1.41
-3.43	2.37
9.63	4.01
1.72	-0.49
-1.43	-0.95
1.09	0.21
-8.65	-5.29
6.99	8.09
-6.84	1.75
8.26	5.95
-1.89	-1.52
-5.67	3.32
4.78	-3.17
1.07	0.37
0.85	-7.04
2.92	6.05
6.79	-4.12
7.15	3
-2.81	-6.05
-5.34	1.46
7.42	7.86
-0.96	8.12
7.2	0.03
-0.76	-6.66
-5.46	5.82
-1.7	-4.76
-5.68	-9.39
4.1	-6.26
7.25	-6.38
-4.78	-0.58
-3.49	-3.29
-8.95	5.06
-4.44	9.26
5.53	-5.03
-2.23	-8.12
6.62	-7.53
1.12	-9.25
-3.55	9.82
7.46	-1.08
-8.84	-9.21
7.66	-8.74
-8.14	-6.01
5.9	-4.03
-3.01	-2.11
-8.06	8.82
2.77	-5.41
7.49	7.44
3.8	2.66
3.86	-2.3
-2.5	0.34
2.91	-2.01
-6.75	8.52
2.11	-2.36
-0.16	-2.84
-1.62	3.05
3.44	-4.14
8.61	7.5
6.93	4.34
3.75	-6.79
-4.91	3.86
-6.3	8.04
4.18	6.88
1.59	2.42
-3.87	-1.55
4.38	3.05
9.48	6.37
-5.01	3.73
-7.73	-7.71
-4.51	6.45
5.24	4.82
-8.49	-1.04
-1.44	-7.96
1.48	-9.34
4.93	-8.09
-3.69	0.19
-1.34	1.83
3.36	3.51
-1.97	-5.02
9.37	3.44
9.11	4.18
6.96	-9.05
-1.15	-4.34
1.32	-0.72
-3.29	-0.62
-0.31	-7.31
9.11	-5.12
1.26	7.65
-0.27	9.71
8.66	2.91
-4.57	6.42
-2	-4.37
-8.48	-4.09
7.84	-3.19
-6.87	7.55
1.83	5.85
9.35	7.47
-3.89	1.26
4.91	1.18
-4.79	-4.26
-2.43	-1.27
2.55	7.66
-0.56	-9.77
9.76	9.28
-2.69	-2.67
9.73	7.36
5.75	0.73
3	-0.4
1.56	-5.07
-4.3	-7.13
1.95	-0.57
-4.36	-8.54
-9.42	6.63
-8.65	-2.43
6.24	-9.87
-3.77	-4.28
-2.46	-4.72
-7.82	-7.15
7.16	6.31
-6.07	-5.52
-6.58	-9.95
-0.74	6.31
2.07	3.84
-2.2	-3.79
-6.79	3.6
-5.44	-2.34
-5.31	-6.19
-6.98	5.46
-3.07	-6.13
1.53	1.4
-2	-3.22
-3.86	-5.24
6.77	-1.09
-8.11	6.06
-3.25	-2.8
-3.98	4.36
-0.73	-1.61
1.85	-1.75
-1.23	-2.09
0.5	-9.69
-6.86	2.09
-1.36	9.16
8.85	-3.9
-4.85	-0.75
-9.81	-0.19
4.12	6.3
-0.59	-9.75
-3.97	4.45
-0.1	-0.27
-4.43	6.08
-9.61	-2.92
8.56	-5.8
2.85	-6.03
-5.1	-3.49
5.85	-9.6
0.71	-7.77
-0.77	9.7
9.48	-1.07
-0.62	7.31
1.41	-9.21
3.48	7.91
-9.86	-9.2
8.27	6.74
-3.17	-5.25
9.22	6.53
1.94	6.76
-3.91	2.93
-4.5	0.65
3.04	4.27
2.57	6.16
-7.52	4.36
-1.53	8.01
3.26	7.49
-8.02	-8.69
2.59	0.56
-7.16	4.44
0.71	7.37
8.09	-5.92
5.51	-0.88
9.97	-0.43
3.02	-9.36
-6.54	2.34
0.61	5.41
-7.95	-7.83
-4.04	5.88
-5.27	-5.76
0.39	-2.3
7.58	-4.81
0.09	-5.16
2.55	-1.18
-8.26	9.68
0.37	-8.2
-4.34	-9.28
-5.02	-6.25
8.42	4.98
9.61	-8.44
-6.34	-4.24
3.39	-3.92
8.98	-5.77
-4.63	-8.66
4.79	-0.55
4.03	-1.28
6.45	-0.07
-5.7	0.85
1.58	3
2.23	1.78
5.41	2.64
-6.62	8.73
-3.07	-3.47
-7.62	2.27
-2.81	-0.06
4.92	-6.04
5	0.74
4.01	4.32
-1.12	-2.49
-8.13	-4.13
5.67	5.72
2.51	3.09
-6.48	-8.35
1.96	-0.99
-3.77	-3.39
-9.02	9.42
-1.16	7.71
-1.26	9.8
-5.44	6.28
-6.26	-0.79
-5.72	1.31
4.51	-1.45
9.54	-3.99
6.87	7.18
-1.78	-9.79
-1.37	-7.75
3.4	-6.84
-3.31	-0.6
-4.46	-1.22
3.5	6.88
-0.74	-8.63
-9.67	4.57
3.85	8.22
6.95	5.2
5.21	-7.37
-8.68	-9.58
3.67	-1.83
-0.66	9.04
-8.86	9.07
-6.27	3.33
-8.6	2.26
-0.45	6.11
8.18	7.6
0.76	-5.37
-9.04	-7.32
7.47	-5.01
-6.17	-6.03
8.14	-1.84
6.46	8.79
1.89	2.72
-2.05	-1.02
-4.67	-3.3
4.38	-6.71
7.16	2.96
-5.19	0.13
-3.45	-0.12
7.39	-3.22
-10	-6.92
-8.02	3.75
2.38	-4.42
7.58	1.28
-4.45	3.56
-5.26	-0.91
4.06	7.89
2.73	9.44
-9.89	7.67
-4.94	4.22
4.47	3.65
6.27	1.27
1.31	-1.59
-0.88	6.38
7.97	-5.3
6.64	-4.82
3.76	-7.26
-7.01	0.92
-3.19	-8.23
1.06	0.08
-9.78	5.66
-8.24	0.21
-7.45	-3.64
4.15	0.08
-4.11	8.83
-3.4	-4.02
-2.79	-3.97
7.95	3.34
-1.96	-0.66
-1.72	7.65
1.01	-0.05
0.67	-3.19
6.69	8.07
-4.09	4.51
0.71	3.44
-5.96	0.3
2.96	-0.15
-9.13	-8.67
-2.02	5.44
8.66	-5.14
-3.21	-9.69
1.74	6.37
-6.89	-1.73
-1.39	9.59
-4.14	-9.4
1.3	-8.85
4.91	3.73
-9.39	-7.78
6.46	6.82
-1.66	0.84
5.22	-8.59
9.92	5.88
-8.8	-0.12
-4.9	5.47
-9.22	-1.41
4.31	8.89
2.3	-7.73
8.48	-8.6
-4.26	8.67
7.17	7.78
1.2	7.42
-8.3	4.28
-3.91	-3.08
1.23	-9.76
5.38	-1.56
3.4	-5.71
0.2	8
0.1	-6.28
-1.14	-7.57
-4.59	-3.82
6.83	-1.53
6.17	5.2
5.55	-7.66
4.71	-5.95
4.01	7.62
-7.77	5.97
-7.07	-7.6
-0.59	8.01
-5.5	0.14
9.28	1.6
-1.15	-6.03
-9.75	-5.78
4.33	-7.98
-0.27	6.67
2.41	6.69
-1.15	7.83
8.98	4.92
-5.87	-9.84
3.96	-6.63
-2.51	-1.32
-8.4	-1.13
4.04	9.02
-4.59	4.98
-9.21	-3.94
-0.4	7.63
-8.07	-2.48
7.35	-7.3
-9.22	2.99
-9.82	4.53
-0.41	2.33
-7.45	-7.99
0.35	-8.04
3.13	-9.35
-0.98	9.43
5.31	-5.78
-2.79	-7.6
0.21	3.63
-9	1.3
-9.43	6.59
-2.08	-2.89
-2.36	-1.03
1.15	8.89
-0.27	6.93
8.76	-9.58
0.68	1.19
-0.4	-6.37
4.61	-2.4
-10	-9.26
7.81	1.87
-4.82	-3.15
4.03	-3.35
7.87	2.8
-5	-8.7
-8.56	9.25
-9.03	-4.67
5.93	-1.94
-6.36	6.49
-0.24	6.79
-1.04	2.54
-5.26	-6.62
2.03	6.93
7.83	8.74
-8.49	-4.71
-4.01	4.69
7.67	7.24
9.65	-6.1
-4.68	3.11
-0.78	9.9
-6.54	-2.02
0.25	-4.92
-2.46	0.41
9.44	8.25
6.31	-7.96
3.17	3.61
-0.92	1.15
9.76	9.2
-8.51	-3.35
6.69	3.73
2.69	5.05
-9.82	-9.96
6.09	-3.53
-8.08	3.64
4.19	-8.17
0.73	9.84
0.57	3.1
-1.05	4.87
0.5	-2.48
4.48	6.77
-1.47	2.87
1.79	6.63
-6.91	-8.3
-8	-4.65
-4.02	-9.76
5.61	-8.91
-9.1	-1.64
4.57	-1.19
-4.86	-9.53
-1.79	4.45
-4.81	5.21
-1.42	-6.99
-1.48	8.41
5.06	-4.88
-9.11	-6.12
9.57	-9.2
0.66	6.44
-5.2	-0.53
8.39	-5.78
-5.41	-8.8
6.15	-7.05
8.35	9.78
7.07	-0.38
8.93	7.06
-6.45	4.65
2.24	3.48
10	-1.62
-8.17	-1.7
7.61	1.41
-8.77	-5.96
-1.96	9.95
-5.31	-9.19
2.93	8.51
8.14	-1.45
2.84	2.55
7.24	-0.21
3.86	7.78
-6.17	-0.16
9.61	6.73
-4.01	-9.47
1.15	-5.23
-0.47	-3.97
-8.29	6.86
1.09	6.1
5.01	1.28
7.57	-9.47
-2.92	5.55
6.07	-4.51
-8.58	6.5
8.36	9.63
-8.94	-1.25
7.33	-5.84
-1.52	-8.19
8.11	3.15
0.6	1.53
1.59	6.73
-8.56	4.59
9.81	-2.15
-4.45	6.44
8.08	4.01
-4.33	6.15
-5.2	-6.61
3.24	1.09
6.08	-0.56
-6.33	-5.7
-7.83	7.69
-6.07	4.23
1.28	0.11
-3.65	-7.5
-0.4	7.93
3.57	8.88
-4.65	-2.95
2.85	-8.55
-5.1	-3.48
-4.4	5.56
6.25	-2.18
4.16	1.25
-9.66	-5.61
-3.88	-2.87
-6.01	6.81
-3.05	-6.22
-2.02	-3.27
-5.73	-3.14
9.12	-8.66
6.41	-3.76
-6.61	-9.82
-2.69	7.84
-6.25	-9.68
-8.64	-5.25
-1.34	-8.15
-4.74	-6.05
2.46	-3.09
-1.7	-1.55
-4.83	-4.09
6.72	-5.79
-5.6	0.79
0.11	9.67
-0.03	2.01
-8.47	-8.39
-6.69	3.23
-9.4	1.6
-2.53	9.84
-6.58	-6.13
7.43	1.31
7.93	2.78
2.57	-2.12
3.23	-6.26
9.59	-2.39
3.34	3.89
5.05	-4.91
-4.87	-7.18
9.47	-5.93
-6.72	5.06
-2.39	3.46
0.24	-4.96
-6.77	-9.29
5.72	-2.75
-8.91	2.84
-8.34	9.43
-5.77	-0.31
-5.75	-6.45
7.36	-2.96
3.33	8.43
-9.93	-0.64
-3.52	4.04
-0.33	5.78
-8.14	-8.23
2.53	8.42
6.34	-5.09
-3.02	9.33
5.54	-0.27
-5.63	-2.71
1.69	-2.75
8.99	6.03
-3.31	6.48
-1.76	-9.1
-4.89	-3.16
4.6	-2.38
-0.51	-1.5
-9.64	-6.21
8.95	-6
0.43	4.71
-5.93	-4.37
1.85	4.56
-7.19	-4.65
0.72	4.74
2.15	-2.62
3.42	-6.07
-1.49	9.73
-8.73	-4.31
-6.46	-8.44
8.08	-4.93
1.41	-3.07
1.54	-7.3
-9.03	1.73
9.43	-3.98
-8.17	-8.12
-6.84	8.32
-4.86	7.77
9.42	9.56
-3.85	-5.54
8.45	1.04
8.17	7.07
-3.18	7.5
9.13	-8.65
2.64	0.37
2.77	0.75
9.48	-1.79
-0.09	-0.01
-0.37	-9.14
-8.38	-9.48
6.25	1.92
1.7	-3.21
8.24	-5.84
-3.2	-8.83
-6.65	1.85
8.65	-2.82
6.04	8.14
-9.58	-9.01
7.96	-8.9
-4.54	4.52
4.56	-9.01
2.3	2.61
-6.09	-6.38
-8.34	-2.76
-3.35	-6.18
-5.93	-2.13
-6.84	8.15
2.02	2.43
-4.04	4.82
-1.78	-4.21
-6.23	5.9
-9.8	1.69
-5.52	-8.14
1.82	-5.03
-2.83	-9.26
7.77	4.78
7.09	7.62
-3.46	1.45
-6.25	-3.23
-9.39	-6.84
5.28	8.72
8.05	1.79
-2.59	-3.93
-8.57	-5.38
2.87	2.22
-6.45	8.18
6.93	4.37
-5.27	-2.58
4.96	-9.72
-6.3	1.18
0.49	6.79
4.52	0.42
-4.23	-6.44
3.17	-6.36
0.66	1.69
-7.23	-0.06
6.1	1.08
4.47	-1.47
9.89	-6.81
4.82	8.48
9.35	-0.47
8.37	-3.45
5.55	-6.36
7.65	8.35
-7.87	-2.64
-1.98	0.72
-4.86	0.37
6.21	2.92
-9.79	2.26
-2.63	4.19
-8.32	4.52
1.79	4.26
3.57	0.51
7.65	6.35
1.22	-0.63
-0.38	7.63
9.1	8.08
-2.4	-8.91
-9.36	-2.06
-5.42	-1.38
-5.96	-4.02
-9.46	9.43
-7.08	-8.57
-2.93	-7.83
-8.37	-9.96
7.66	2.9
-2.97	6.66
8.38	4.57
8.97	9.9
-0.01	-4.58
5.53	0.69
-2.1	8.4
-5.34	5.44
9.12	0.53
-2.67	3.71
1.92	-2.27
-1.89	-8.73
-1.56	6.42
-6.05	-6.88
-6.58	2.61
-5.65	9.48
-5.42	8.71
2.77	-6.39
-9.74	-8.5
-4.58	3.48
-8.58	8.28
5.77	-9.19
-5.44	9.7
-4.15	-5.29
1.94	7.41
8.34	4.12
7.97	1.49
-3.42	-9.14
-1.41	-2.51
4.69	-0.33
1.79	2.93
3.12	7.15
4.8	3.14
6.56	9.1
3.12	6.48
9.7	-6.31
8.56	3.64
5.51	6.95
-8.82	7.42
3.6	-7.85
-2.43	-0.09
5.03	-6.61
2.29	1.65
1.44	-3.61
-1.65	-4.36
-2.56	-0.37
8.54	3.76
8.51	6.9
7.75	-0.76
3.47	-7.92
-9.67	0.59
8.64	7.06
-4.95	-2.14
2.76	0.83
3.39	-4.63
-0.71	8.1
2.48	-6.17
-5.12	-5.97
5.25	-9.87
-4.58	-2.11
5.69	-1.21
4.12	7.74
0.31	-7.62
-2.38	-1.67
7.27	0.65
0.24	-6.85
4.04	-3.29
1.36	2.48
5.41	8.67
-8.49	0.31
-3.8	-2.06
5.29	-9.48
6.7	-5.94
4.51	8.15
0.16	-7.82
-6.49	-5.66
-9.87	-9.57
-8.64	2.89
3.75	-8.47
8.35	-1.9
1.33	-0.78
9.48	4.32
7.18	5.59
-4.84	-4.42
