64
10.2 7.3
3.5 2.9
8.1 5.5
1.4 9.8
6.6 4.4
2.3 1.1
9.9 3.3
5.0 7.0
0.6 8.2
7.2 6.6
3.3 0.5
4.7 3.1
1.2 2.8
6.9 9.1
8.8 1.4
2.7 4.5
7.1 0.9
5.5 2.2
9.0 8.0
4.4 5.6
0.1 1.0
1.9 7.7
3.7 6.3
6.1 3.9
8.3 9.2
5.2 0.3
7.7 8.5
2.5 3.0
4.9 6.8
0.3 2.7
6.4 4.1
9.5 7.4
3.1 8.1
1.6 6.9
2.2 0.6
7.4 2.4
5.8 9.0
0.9 4.8
6.0 5.3
3.8 1.7
9.6 2.5
8.7 3.8
1.1 6.0
2.8 0.2
7.9 7.2
4.3 2.0
5.1 6.4
0.2 0.8
3.0 5.7
8.0 1.5
9.1 9.6
1.5 3.6
2.0 2.9
6.2 7.1
4.1 1.9
7.0 3.4
3.4 8.4
5.6 0.4
0.7 6.6
9.3 4.0
2.6 1.2
8.9 0.7
4.6 9.9
0.5 5.0