8192	
0.1	0.08
-9.42	-6.96
-6.99	-4.02
6.46	-2.74
-4.3	-4.65
8.99	2.43
8	7.17
3.54	8.07
-7.36	-3.02
-3.65	-0.42
1.43	-2.27
3.19	-1.34
-1.35	0.58
7.42	2.13
-3.15	6.95
-5.46	2.85
-1.49	9.14
8.83	-9.75
2.23	9.25
0.64	4.05
-6.24	-3.67
-7.82	3.65
7.06	-8.95
-8.48	-4.19
-7.95	-7.43
8.56	6.96
-0.03	-1.66
-1.76	4.89
-1.81	-9.16
-0.62	-0.12
-4.3	-5.44
7.85	-8.5
-9.92	-3.91
5.93	-5.8
-0.49	9.68
-4.69	-8.72
9.74	-4.56
8.5	-2.48
-6.8	-6.57
-7.09	-7.25
-8.36	5.94
2.37	4.04
9.4	5.93
0.82	8.67
5.8	6.45
-8.32	-2.62
0.95	-2.05
-1.26	4.39
8.01	-4.09
-1.64	-1.45
6.48	-2.01
8.07	0.38
-0.29	0.48
2.23	8.95
-0.83	5.03
2.83	-8.59
2.91	-4.65
-2.71	8.5
7.02	-2.17
1.52	6.73
-1.6	4.61
-2.06	5.54
-8.36	3.13
-9.06	3.72
8.19	-9.33
-9.13	8.3
-8.81	-5.02
8.22	-1.72
-7.53	4.58
8.14	-6.34
-0.2	-5.86
4.36	-9.67
-9.55	2.75
-8.72	-8.93
8.75	-3.89
-5.27	-6.11
4.15	-1.52
7.21	8.15
4.09	-4.82
-8.94	-7.03
9.99	-4.68
-2.34	6.5
-9.53	6.5
-4.49	-3.96
1.55	-3.33
-3.98	-2.6
8.99	6.66
-1.64	-6.99
7.33	-0.74
7.65	-5.47
9.38	-0.46
5.4	-8.61
-0.75	-9.29
4.9	-1.76
-0.79	8.06
6.29	-2.95
-1.71	-1.22
-3.26	-3.41
7.44	3.61
-7.61	-1.62
0.65	9.84
-4.94	-2.84
4.42	-5.08
8.2	-8.69
-2.39	-3.95
5.74	-9.14
-1.72	4.58
-2.99	5.52
-2.68	-9.21
0.31	9.12
-6.27	-9.32
6.95	-5.93
0.53	-4.91
-0.7	-0.3
5.21	-5.97
-2.38	-0.26
9.13	-5.92
-2.14	1.51
4.3	-1.47
8.91	-2.02
-1.95	-2.28
-1.27	-1.1
3.74	-3.02
-3.34	9.14
-2.59	9.27
-3.86	3.35
-4.24	6.84
-2.07	8.96
5.49	5.45
8.96	-7.59
9.99	-1.08
-4.45	-5.09
-1.84	8.33
-6	-0.34
-8.72	-1.26
8.36	6.34
-3.53	-0.01
-5.69	9.55
-8.29	6.78
-3.35	-8.96
1.34	-6.86
-8.71	-5.74
8.57	-3.77
-4.94	-9.31
-6.08	-7.4
5.17	0.37
5.94	-6.54
-1.84	-9.41
3.18	-1.55
3.07	0.89
1.81	-8.08
2	-3.46
-1.8	6.23
2.05	9.39
-1.16	-3.31
6.97	4.88
-9.99	-4.45
5.12	6.92
-7.15	8.95
-0.34	-4.88
9.15	3.23
2.43	-0.24
-1.53	2.86
-5.93	-2.19
-3.79	-6.97
3.39	-6.95
6.39	6.61
-7.3	-4.45
-4.27	-6.4
1.01	-1.16
-2.38	-6.12
-5.2	-0.14
-2.3	-6.21
8.08	5.64
4.41	1.85
-2.15	-2.18
-0.74	-2.36
-9.9	7.05
1.34	2.11
-6.79	7.93
-0.89	-7.28
-8.63	5.82
-2.25	-8.61
-3.67	-8.76
-2.49	4.93
-4.56	8.66
-0.42	4.88
-3.68	8.9
-9.55	6.07
6.84	9.66
3.54	7.68
8.5	-1.25
1.33	8.34
1.43	2.2
9.01	6.81
-9.28	-7.6
-8.42	5.91
-6.73	2.21
-0.25	2.61
7.89	-5.62
1.44	6.15
9.49	1.26
1.23	8.27
6.35	9.17
3.1	-8.34
4.11	6.88
-0.99	2.73
-2.66	-7.67
1.42	3.78
-4.02	-3.87
0.38	-4.91
5.19	9.11
2.3	2.98
4.29	2.44
2.77	5.97
8.97	-0.81
-9.31	-3.15
-5.34	5.32
-0.75	-2.75
-6.21	-6.69
-7.72	0.57
1.32	8.58
3.4	-1.05
-5.58	2.5
1.32	-8.35
0.66	-7.05
-3.2	7.74
-9.71	-8.88
-8.4	-0.59
-4.2	1.4
-6.47	-5.89
-2.08	-4.47
-4.3	-6.17
7.53	2.66
-6.83	-2.62
8.27	4
4.87	-2.05
-0.47	-9.62
5.38	3.07
1.9	9.29
-3.27	-6.15
-8.68	-2.41
-9.38	0.26
-9.8	-2.55
4.96	-6.16
-1.94	2.08
1.99	-5.71
-6.01	-3.86
4.99	-2.5
2.36	1.83
9.61	-1.25
-9.6	-4.45
-1.04	3.46
4.75	-9.92
4.99	4.58
-8.3	6.84
-5.52	3.33
5.06	-9.97
-6.27	-6.35
-6.81	-7.75
2.48	-3.06
-4.48	2.66
-8.58	6.15
9.5	-5.09
-9.08	6.69
-2.77	2.51
7.53	9.59
-6.89	3.8
6.38	-9.2
3.85	-9.51
4.92	4.04
5.23	-2.39
-5.83	2.03
-2.69	-4.97
0.84	-6.54
9.43	2.43
7.69	-3.88
4.78	-7.95
1.48	6.22
0.28	2.06
-9.69	9.71
9.04	0.65
4.95	-9.93
-0.96	-6.93
-7.22	-7.31
-7.51	-3.91
0.09	2.71
-5.4	-5.56
0.78	9.93
3.91	3.7
0.5	-2.84
-6.05	1.59
1.25	-9.09
-8.25	5.65
-2.5	-2.62
-8.41	7.73
8.42	-1.45
0.12	5.93
8.63	-9.91
4.74	6.16
3.56	-7.36
-5.12	4.39
5.97	8.81
-2.05	9.61
-4.09	-2.28
-0.08	-4.37
1.62	-9.53
6.69	-2.9
9.97	2.99
4.27	0.78
-4.34	7.16
-0.87	-1.95
-3.52	8.57
-3.79	1.68
-6.79	-0.48
-2.51	-2.28
-9.37	-6.59
-3.3	-3.57
-9.01	9.96
2.83	0.67
9.21	-3.43
-5.62	-3.44
-3.61	-6.09
-1.33	2.28
-5.07	7.92
0.32	-3.25
4.19	-5.65
-4.08	0.55
6.12	-2.32
3.36	-9.78
-0.1	-1
-3.23	-5.05
-4.63	3.94
-4.38	-8.72
-0.48	-8.74
-2	4.85
-6.87	-1.32
-4.02	5.39
4.75	-6.28
-4.77	3.09
-5.34	3.31
-10	4.47
4.72	5.29
-1.43	3.17
9.91	-1.17
4.24	0.28
-1.3	5.96
-3.73	6.52
-6.47	-7.63
-3.67	-7.46
-4.85	6.86
-3.3	-8.83
-3.42	-0.42
9.42	1.44
-8.29	1.8
-1.77	8.41
6.36	-6.06
-3.02	4.08
9.04	10
4.78	-3.32
-0.46	-1.95
4.91	-7.32
-2.49	6.38
-1.62	8.32
1.38	-2.06
7.28	-4.02
-1.53	-3.69
-3.97	-2.05
-9.69	-9.08
-1.12	3.67
-3.18	10
2.41	-8.79
1.63	6.96
5.22	5.7
7.83	9.65
-8.2	-6.33
-1.17	5.55
-8.37	-3.64
-4.29	-8.41
-6.36	-8.46
-6.38	9.4
-0.48	-9.15
-2.51	-7.04
-1.45	-0.01
8.55	1.74
0.68	-1.72
2.76	3.66
-2.86	-5.62
-2.72	1.86
6.68	-0.77
6.76	-6.97
-8.73	0.25
-8.34	-1.49
-0.92	4.3
1.73	-9.84
3.99	5.4
3.72	-1.71
0	2.24
-4.53	-0.42
3.25	-4.79
-9.98	-9.58
7.22	-4.91
7.44	-5.28
9.6	4.43
-3.33	-2.13
-5.71	0.22
-9.31	-1.6
-4.96	4.68
-2.08	-5.92
-9.73	8.65
-7.05	6.53
4.44	1.51
8.79	1.79
-8.89	2.92
0.33	1.53
6.5	-3.16
9.9	0.09
2.13	8.87
-4.56	5.78
9.02	-7.1
-0.36	-7.14
6.43	-0.79
3.4	-9.09
-0.21	0.7
0.31	-8.57
-8.89	7.15
7.17	3.84
1.51	-5
-0.02	0.74
-4.29	-8.1
-9.57	1.37
-3.32	9.51
-4.61	6.69
7.19	7.54
8.2	5.99
8.7	3.18
4.73	3.68
-6.36	6.31
8.24	-5.73
-4.37	0.31
-2.79	-1.47
-8.45	-5.39
-0.8	-7.4
9.77	9.95
-6.58	1.31
2.04	5.11
3.59	-5.89
1.27	-0.86
3.51	5.04
-8.14	3.04
-9.07	-7.74
-7.98	0.22
4.24	5.63
7.31	-5.85
-6.32	5.35
-7.9	-8.25
-3.05	-1.12
3.45	-4.28
1.7	-7.37
0.98	1.62
-7.4	9.75
5.06	3.46
-9.92	-6.35
4.84	2.61
-5.95	1.96
-9.98	6.09
3.74	-9.9
-9.17	-9.78
6.31	9.14
-3.95	3.14
6.69	6.33
3.36	-8.63
-8.35	-1.44
-9.11	2.39
-1.74	0.83
-5.08	-8.76
3.89	-5.45
-0.39	-0.63
6.78	1.68
5.18	-9.29
-0.71	4.59
-3.07	-3.92
5.92	-7.67
-1.97	-8.64
9.65	-1.08
9.36	-6.59
2.63	2.69
-5.35	6.52
8.57	-0.99
-4.32	-3.5
-4.54	-6.32
-3.76	2.06
1.88	-8.26
-7.24	4.71
6.57	0.44
-0.69	6.77
8.34	-8
-0.12	3.97
0.26	-9.31
-2.77	-7.32
2.45	0.79
7.84	7.83
-7.04	-4.53
-6.19	-7.22
4.11	-3
0.09	1.63
-9.95	-1.47
-6.29	3.25
8.39	6.25
-4.73	5.91
0.31	-3.84
-2.79	5.74
4.08	-4.46
1.32	-0.36
8.51	-2.18
-3.75	-4.84
2.84	-8.55
1.4	-2.37
3.1	-7.25
-2.49	-1.42
8.15	-6.12
-7.01	-0.13
9.64	-6.04
-9.21	-6.98
5.32	6.16
-8.8	5.99
-7.9	5.85
1.3	-5.49
-8.87	6.23
2.23	8.53
0.5	-8.63
-6.73	1.16
-7.18	1.99
9.25	8.13
-1.82	3.16
-1.43	-4.3
-2.19	-8.14
1.82	-8.93
-2.48	9.78
7.46	-2.87
5.45	-7.33
-7.7	-5.65
-6.9	-8.26
8.47	0.84
-4.53	5.73
-6.29	-1.59
2.01	9.32
0.73	5.37
-1.64	1.21
-0.89	5.95
3.45	-6.69
3.45	-0.66
9.31	-9.61
-9.67	8
-0.83	-1.11
7.96	-6.81
-0.55	-7.74
-3.76	4.41
7.27	-8.75
-7.78	7.05
-8.38	4.06
-2.19	3.75
1.62	1.39
7.17	-3.8
8.3	5.81
-6.2	-1.7
6.56	-1.96
2.36	-7.2
-2.72	1.46
1.72	5.59
0.2	-4.58
0.16	-3.97
-1.44	7.4
-7.65	3.21
-1.75	-0.03
4.62	1.05
-8.98	-3.21
-6.8	3.64
-9.13	7.52
-8.01	2.03
-5.39	4.05
-5.17	5.85
-6.36	-0.7
0.66	-8.6
-9.21	-4.7
-2.76	0.27
0.13	3.42
-1.54	-8.61
8.5	7.27
-8.3	-0.11
-1.32	9.87
2.18	0.22
-1.62	5.94
-0.15	1.61
-7.99	6
-6.49	-1.94
1.19	-5.24
-8.89	6.99
2.33	-2.12
5.89	-8.5
0.72	2.29
1.18	-9.15
-6.9	-3.36
-0.36	-5.06
0.45	2.85
1.87	-9.14
2.75	0.52
3.14	-2.69
-9.53	0.39
-6.48	-8.01
-9.69	-1.48
-2.67	-2.86
7.07	0.66
-6.98	1.4
-9.8	-6.33
-9.26	-2.35
2.89	-3.74
8.18	8.38
-9.11	5.23
-0.39	-0.64
-0.22	-1.9
2.41	-8.24
10	-4.85
2.77	5.43
-7.7	-6.53
-9.07	-6.36
7.51	-0.48
-1.96	-9.63
-7.49	-9.09
4.96	0.77
-3.38	0.07
-3.85	1.98
6.3	8.96
-8.75	-1.11
-3.75	6.41
-5.2	-9.06
-3.35	-8.95
5.81	7.74
-5.39	-6.03
2.32	0.64
8.57	-9.2
-5.44	-2
3.04	-4.29
2.96	-3.42
-8.54	3.59
1.07	0.49
-4.85	-9.7
2.93	4.89
-5.62	3.9
-0.18	6.35
5.32	-0.27
4.88	-4.44
-4.1	-3.16
-5.31	-3.95
-3.68	2.71
2.77	-3.81
9.65	5.83
4.56	-0.1
3.22	-7.86
-9.95	-7.9
-3.97	4.95
0.88	-2.3
0.03	3.3
-9.19	-6
4.1	6.24
-7.42	-1.03
9.51	-5.87
0.76	-4.12
9.62	-9.07
-3.05	-1.54
4.63	1.64
-3.84	3.07
-6.02	0.05
7.34	4.95
-7.97	-8.32
-0.56	-2.25
2.16	-4.96
0.21	-2.76
4.47	1.44
-2.67	6.16
6.69	-7.08
-6.53	-3.08
9.75	-4.44
4.46	-0.47
-8.99	-7.39
2.95	8.31
7.45	-2.04
-3.94	8.28
-4.02	-7.17
6.25	3.66
-5.05	2.46
-8.45	7.89
-1.4	-7.22
2.02	-1.59
2.72	0.54
0.51	5.71
-0.28	6.98
-0.93	-0.52
8.69	6.79
4.8	0.3
-2	-0.26
6.7	-5.79
7.03	-2.03
-2.77	-6.37
3.61	-6.21
4.21	4.74
9.21	6.31
-3.84	5.11
0.16	-8.96
-6.28	-8.22
-4.89	1.71
-7.74	-9.29
-8.31	3.49
-5.78	-0.06
-7.25	8.59
5.26	-5.11
-6.31	-4.35
8.16	-2.31
-6.61	0.61
7.27	-1.25
8.44	1.38
2.44	-2.51
7.87	6.25
-0.96	9.15
3.11	-6.68
-8.21	-4.81
-8.56	7.92
-4.79	-8.69
-6.15	-2.37
3.1	-8.98
7.46	-5.72
2.83	-5.51
-4.72	-6.86
-7.28	-4.66
2.08	-1.82
-7.45	-1.8
8.3	1.51
-0.34	3.07
-6.96	-5.7
-9.31	0.72
9.25	-0.3
-7.82	-4.91
-2.35	1.1
-3.16	-5.34
-7.65	7.19
-7.64	6.13
-0.61	9.35
6.37	-1.47
-6.13	-5.9
-2.18	-7.55
9.76	-7.4
0.56	6.56
-6.54	-9.6
7.98	-5.67
3.86	3.27
-2.07	5.96
9.48	-4.89
6.92	4.34
2.04	9.46
6.81	1.93
-5.5	6.45
7.02	8.77
-3.83	5.26
3.81	8.59
-6.04	-4.67
-2.99	4.55
6.75	8.78
2.6	2.8
8.1	-2.65
-1.33	6.96
-2.9	-9.46
-8.15	-6.28
-4.27	-4.66
-1.07	-1.94
9.1	8.98
1.87	9.29
-6	4.78
-0.11	5.35
6.06	2.8
6.2	7.25
6.75	-6.42
-3.29	4.66
4.6	-6.06
1.98	-7.31
-9.9	8.14
7.42	2.48
8.48	9.02
2.28	1.59
-9.82	1.52
1.94	8.49
9.47	5.13
9.64	-0.39
-7.93	4.68
4.87	-4.59
3.47	0.73
5.23	3.12
5.85	-3.54
3.02	1.9
-4.47	6.61
-4.24	-4.98
8.98	-1.79
2.93	7.09
5.62	-5.07
1.27	-7.4
-1.53	-9.55
-1.36	-8.54
8.28	4.45
9.48	-4.9
7.22	8.32
-8.97	-2.77
-8.87	8.25
8.35	-7.13
-3.06	8.62
-2.47	5.99
-8.37	-2.99
2.8	-5.58
4.84	-3.17
8.03	2.16
0.37	8.96
1.58	-5.35
1.17	-7.65
-4.9	7.57
9.99	-0.98
-3.37	-9.19
-5.84	6.65
2.29	9.67
-0.76	-1.14
1.13	2.34
7.93	-8.25
6.71	4.39
4.21	6.16
8.82	1.36
5.31	4.67
-6.2	-8.23
-0.88	-2.63
9.13	-6.22
-6.19	-7.26
-5.34	-6.34
4.65	-4.75
9.02	-8.56
-3.9	-2.16
-4.23	8.82
-9.37	4.68
-1.49	8.64
-2.18	7.4
-5.75	-8.52
-8.93	-9.27
6.97	-7.62
4.81	0.22
-4.95	8.15
2.1	-6.62
-2.9	3.53
0.81	-0.47
7.25	2.04
-5.14	8.92
2.81	-6.59
6.89	5.86
-3.67	4.78
6.56	4.21
-9.76	4.86
-8.1	-3.84
5.09	-1.53
2.86	8.8
-0.13	4.65
7.72	-1.13
-8.39	-1.79
-8.68	6.42
-4.87	3.93
2.81	-5.05
0.31	4.59
-1.56	5.11
5.27	1.59
-7.4	-2.06
-3.76	4.16
0.04	-4.14
-2.89	-5.99
-1.67	-4.39
0.62	-9.76
7.8	1.5
-6.97	6.3
-0.39	-5.56
-8.96	-0.79
-5.6	-0.22
-7.51	-1.85
2.37	-7.22
3.95	2.67
7.79	-1.62
-9.37	4.44
-7.58	-6.15
-1.56	7.69
7.54	-7.37
5.61	-9.72
2.2	2.15
-4.64	-1.24
5.73	2.54
-2.96	8.38
-8.46	-8.17
-2.85	-9.77
2.66	0.02
-9.37	-1.3
5.63	-7.99
-1.78	-7.94
2.53	4.88
-5.89	-8.44
3.09	-7.55
1.11	-5.06
-8.87	7.05
7.5	4.42
2.48	4.32
-2.69	3.7
1.24	-5.89
2.24	3.02
-8.62	-7.5
-3.04	-7.54
0.89	2.45
-6.51	-3.65
-7.06	-5.99
-7.1	7.71
-2.22	1.05
-4.57	-9.86
4.88	-6.2
2.4	-6.04
7.68	-4.13
5.82	2.12
-3.72	0.28
-1.46	2.97
-5.73	1
-4.05	-4.24
3.4	4.65
1.48	6.21
3.11	7.09
-5.38	1.24
2.2	-9.47
3.71	-1.61
-1.28	1.22
5.7	-1.31
1.62	9.47
6.82	6.19
-6.43	-7.41
-1.4	0.11
-6.45	-3.76
-5.26	-5.24
-1.54	-8.66
0.04	1.3
4.81	2.51
-1.66	-0.82
-7.34	1.63
-4.14	5.64
-0.79	4.48
1.92	-7.24
8.76	-2.61
3.07	-9.98
-1.15	7.03
5.91	2.28
1.43	-2.97
6.75	-5.95
-9.88	-6.4
5.74	7.56
-8.78	0.19
-2.52	-4.4
7.16	-0.47
-9.92	2.47
-3.87	8.79
-1.21	-4.02
-5.8	7.36
3.35	3.28
3.6	-8.38
8.31	-6.5
5.27	-8.98
-2.66	-0.67
-2.31	-4.33
-0.7	-8.63
4.31	-7.15
-7.01	6.34
0.84	-9.26
-5.17	0.09
4.42	-8.85
-1.82	7.04
8.34	2.26
6.21	3.56
-3.7	5.31
3.94	4.89
3.75	9.25
-5.02	-2.09
-7.66	-0.49
2	-3.44
-4.89	3.1
-7.78	3.82
0.7	5.87
8.57	-0.41
2.43	2.18
4.7	2.2
2.96	0.08
-9.36	1.35
6.94	-9.03
7.83	-1.07
0.42	8.6
0.92	6.25
-6.56	4.23
9.86	-0.49
-9.8	8.08
8.29	-4.53
-2.71	0.38
1.07	-2.04
0.9	9.4
4.3	5.5
-4.14	-8.22
2.66	2.38
2.69	-0.54
4.14	8.9
2.48	7.43
4.47	-6.34
-4.24	-9.32
-9.77	-2.79
5.65	-9.32
-3.03	-5.66
-6.02	-2.91
-7.83	4.94
-1.88	2.31
-4.71	1.84
-8.31	-2.82
9.96	3.82
8.08	2.07
-9.64	-6.7
0.2	-7.86
9.38	0.73
-1.86	-6.05
-0.02	-7.97
7.29	0.99
6.9	-7.88
4.64	5.36
5.39	-2.06
-1.85	7.33
-4.64	-7.07
7.95	8.27
1.77	-2.94
-9.85	1.82
3.35	-6.17
1.33	-8.79
7.06	-7.24
-6.55	-6.97
4.54	-7.2
4.94	4.59
-6.49	6.55
9.84	-8.19
-5.32	9.23
4.52	-6.82
-8.62	-8.98
7.83	0.93
-0.48	8.73
-9.74	8.01
9.17	8.51
-7.53	-7.81
-1.07	-3.67
-1.01	5.78
-3.68	-4.22
-2.46	0.79
-0.9	-1.86
2.96	-7.88
3.1	5.44
8.74	9.98
0.75	4.39
0.63	5.88
-9.09	1.18
-7.69	9.45
-8.47	3.96
8.97	-3.62
-8.6	-9.71
3.03	7.26
2.48	-1.01
-8.57	-3.94
0.19	0.73
-6.85	7.11
-8.56	-1.43
1.1	-2.28
4.62	-5.24
-4.85	0.75
-8.65	-7.12
-7.62	-5.48
-4.01	8.62
8.17	5.67
-7.25	1.82
-7.2	5.24
-7.25	3.6
-7.42	5.55
1.97	-8.53
-8.59	-0.98
5.08	7.18
1.99	-5.29
1.82	1.69
1.25	2.92
-5.89	3.36
-4	4.28
-1.41	8.58
3.7	5.97
-4.88	9.3
-8.23	9.51
-4.24	9
-2.56	-3.23
4.87	-8.01
5.58	8.45
-2.7	5.17
2.33	-2.35
0.22	7.89
2.37	5.22
8.2	3.09
4.6	-9.18
-3.06	-8.31
-9.76	-9.88
-8.48	3.48
-4.05	-7.63
-2.71	8.01
8.18	-1.4
1.39	5.32
4.93	4.38
9.24	-2.5
3.36	7.38
2.85	5.23
-8.78	6.04
-3.78	7.96
2.02	-0.03
2.33	4.59
-4.37	3.71
-0.16	-5.98
-0.89	-9.32
4.19	-1.92
1.05	-8.15
7.91	-5.9
-4.12	-9.4
7.7	-8.11
7.53	-1.94
-4.75	-2.33
-9.46	3.03
-8.06	-6.05
-3.66	-6.81
7.35	-5.96
-4.55	9.09
9.94	-8.01
-0.53	5.88
-6	2.33
1.01	-7.68
7.41	0.98
4.64	-0.27
-0.61	9.4
-3.4	5.85
7.21	-2.57
8.53	-1.66
-5.73	5.66
-4.92	-1.32
-2.29	5.28
2	1.8
-9.8	-2.02
4.91	-1.75
-0.64	-8.95
-4.83	7.65
-5.74	6.53
-2.54	2.5
5.1	3.49
2.65	-6.75
-9.88	-0.85
3.17	-5.88
-1.26	-4.41
7.69	-9.89
0.06	8.6
-3.78	7.07
1.48	0.87
4.62	-3.29
6.96	7.19
6.87	0.35
-2.72	-7.58
-2.01	3.03
2.78	9.41
9.54	7.19
8.56	-7.46
-1.15	-6.15
-8.13	-2.66
-0.57	-2.21
2.41	-5.96
-1.44	4.86
5.01	8.39
0.33	-9.98
-7.24	4.76
-5.41	1.79
-8.94	-5.74
9.61	4.47
-7.85	-1.7
-4.58	-3.56
-7.8	0.73
-3.85	-1.03
-5.17	9.52
6.44	-0.91
-5.04	1.41
2.6	3.36
3.84	0.7
7.07	-6.91
-6.39	-8.73
-6.97	3.52
-7.82	5.81
-2.8	-5.36
8.89	4.74
4.8	-5.96
6.26	-1.22
2.43	-3.14
-1.05	-3.73
5.92	-2.26
-3.08	8.04
6.08	8.3
7.29	2.1
7.01	-2.63
1.06	-2.93
0.12	-9.98
-4.38	9.77
-4.46	-1.79
8.54	4.85
2.3	3.71
7.09	7.03
0.47	8.01
9.58	9.27
8.19	1.44
6.12	8.45
0.31	6.09
8.49	-0.22
-8.23	-5.13
8.1	-1.25
-6.89	3.16
-8.56	-4.92
-3.67	5.49
-0.67	-1.14
7.42	-1.35
1.63	7.56
-0.48	-5.77
-6.05	-6
-7.67	8.5
7.97	-6.63
4.97	2.89
9.93	3.94
0.57	-9.47
9.35	-7.99
9.03	3.14
9.41	2.3
4.95	-3.11
2.82	0.33
-0.19	5.74
-2.9	4.9
6.73	-1.33
9.03	-5.61
-0.38	1.22
-6.55	-9.05
-4.66	-7.34
0.26	5.23
9.95	1.05
-1.32	0.93
-5.47	2.4
7	7.52
-0.94	5.5
-3.31	7.28
6.19	1.55
-6.7	5.91
9.08	8.59
3.46	-5.65
-1.13	-1.31
6.11	-2
3.49	9.52
-1.88	-9.26
-5.97	0.13
3.69	9.2
-3.94	-3.32
-8.96	8.32
-6.75	-0.72
-6.89	-2.41
-2.69	5.34
2.57	-8.77
0.55	1.98
8.38	2.53
-8.22	-5.65
3.48	8.96
-0.38	5.68
-1.13	7.13
-3.06	-5.56
7.35	-5.88
8.18	4.18
5.65	2.66
-8.71	-1.71
-6	-0.51
-1.59	-9.31
1.14	-0.73
-1.88	-7.4
1.12	-4.88
4.74	7.74
6.15	9.07
3.07	-9.47
-5.97	-5.86
-8.85	-8.81
7.48	0.97
-5.44	-6.87
-4.68	-3.07
-5.25	1.38
-0.7	4.71
2.25	5.37
3.26	6.18
4.29	3.49
-9.59	-5.72
2.49	7.59
-7.48	6.11
-6.36	7.71
-4.73	6.45
8.08	-0.68
-2.29	8.64
-7.09	7.13
9.63	0.21
9.47	-7.06
7.8	-5.23
7.9	5.72
-5.41	5.63
1.61	-6.06
-1.85	-0.35
-3.37	3.29
7.09	-7.28
-3.03	-8.39
9.65	-0.03
-3.66	2.39
-1.78	-6.45
3.34	1.14
-1.05	-0.28
-1.58	-0.98
-4.21	8.84
1.28	-1.94
-3.45	-7.09
-2.78	-4
-1.76	6.88
-4.56	-7.46
8.08	6.58
-4.13	-7.62
9.2	0.88
4.22	-5.54
8.62	8.19
3.53	-8.93
8.93	1.3
-6.14	-2.2
-8.47	-2.29
0.72	-2.41
8.19	-6.67
2	4.42
-2.64	6.13
-7.63	9.44
4.74	-9.33
-8.94	9.48
-4.28	3.27
-3.32	4.29
9.16	1.36
-0.59	-2.91
-4.35	9.66
-3.4	1.3
1.77	6.29
6.52	9.12
5.75	8.37
5.97	-6.94
1.28	-2.39
-4.14	-1.29
-2.27	9.85
1.99	1.97
-1.28	2.8
-9.71	3.46
-7.25	5.22
2.95	-4.68
-5.75	9.78
3.29	-0.93
8.3	0.14
-1.02	1.88
9.68	5.2
6.52	-3.42
-5.09	8.38
6.99	-2.87
-8.98	-0.03
-1.79	-1.89
6.05	2.36
-0.76	2.03
4.72	7.3
4.61	-6.39
-7.25	6.8
1.74	-6.97
7.45	8.33
-7.9	-9.44
0.6	4.02
-2.36	-6.17
6.63	-8.01
-3.77	-4.24
8.85	-9.37
-2.1	-4.15
2.96	-3.97
4.26	3.1
-4.51	8.83
-1.33	8.08
-5.25	0.85
-4.7	6.29
2.78	-9.02
-4.82	-7.03
-6.4	1.61
-7.81	-5.76
-2.62	-1.52
-2.61	-2.99
-3.65	-2.33
8.87	-4.95
-7.46	-1.75
1.01	7.98
-2.84	-7.75
3.89	-3.17
1.65	-0.3
-1.7	-3.79
-8.47	7.57
-7.21	8.08
3.96	-7.61
3.48	-5.14
-7.39	9.59
5.47	6.15
-2.19	-8.18
8.36	-2.15
5.1	3.23
1.66	0.92
-6.41	9.13
-6.74	2.47
-1.67	-7.11
-4.17	-5.77
-1.3	0.09
-1.97	2.38
-7.3	-9.32
-5.26	6.25
7.91	0.09
-8.1	-9.78
6.88	-1.6
0.06	2.83
1.85	7.4
-3.81	9.61
-5.05	3.65
-2.5	5.81
-7.1	8.03
0.62	-8.8
-5.72	-9.98
-1.39	-7.37
3.95	8.33
7.94	6.28
-1.43	-0.75
8.03	-3.94
2.42	3.31
1.21	1.12
6.27	-5.13
9.46	7.35
-6.34	-0.09
-0.25	-7.85
6.42	7.58
5.88	-8.41
-5.17	2.33
-0.6	6.66
7.18	-1.46
2.74	3.99
-7.85	-5.64
-9.11	-0.87
-7.35	-5.9
-1	4.59
-6.59	-7.69
-9.38	-5.75
-1.3	4.48
5.47	-5
-4.05	-0.06
3.9	1.06
1.25	-7.81
0.18	7.7
3.03	7.71
-8.7	-6.46
6.46	-7.19
-7.89	6.93
-9.88	-7.72
6.92	-2.57
0.38	-6.63
2.63	-7.9
2.94	-7.22
6.17	-3.46
2.04	5.55
0.14	-4.95
6.69	-9.12
0.93	-1.35
7.03	3.31
-9.09	-2.87
-2.44	7.69
5.1	1.4
-2.34	1.4
4.75	8.97
-4.2	-5.51
2.68	5.32
8.5	-6.42
0.35	8.31
-2.41	-4.82
-3.06	5.07
7.65	6.78
-8.73	9.68
-0.54	-4.15
7.49	-1.05
5.89	-0.3
-0.23	6.63
-8.88	4.72
2.71	3.05
1.08	-6.59
-8.86	-2.98
7.69	9.72
-2.46	-2.93
2.57	7.17
-8.73	-0.67
-2.24	-3.21
8.25	-3.74
-9.34	7.67
-9.18	-4.83
4.85	-8.73
-6.93	5.4
8.78	9.45
-2.31	8.04
-2.98	-5.7
-8.79	6.22
-9.8	-4.93
2.43	-9.01
6.05	-4.87
-0.12	4.2
2	8.1
-4.38	2.93
-1.31	5.13
-0.86	0.91
-8.5	9.03
-7.85	-5.9
2.51	0.1
-4.69	7.65
-1.28	0.73
9.66	-8.51
-7.88	-2.18
-2.35	-1.55
4.92	-3.46
-1.88	2.5
2.27	2.88
1.16	3.85
8.12	-0.88
-6.63	-5
1.36	-5.81
7.69	-5.83
4.98	2.61
-1.5	8.02
-6.46	4.23
-4.15	3.83
8.34	5.92
3.62	-8.03
-1.4	6.78
0.14	-7.08
6.12	1.78
2.68	5.21
7.18	-2.71
8.26	0.4
2.95	7.6
8.28	9.23
-6.02	6.4
-3.6	8.4
2.09	-7.33
8.1	4.78
5.37	-6.49
-3.67	-7.99
-6.95	5.73
4.69	2.84
1.7	1.67
-7.93	-4.62
-7.05	-8.24
-1.79	-3.91
7.49	-3.85
-9.37	8.43
3.49	9.74
-4.54	6.58
5.16	-5.68
7.82	-5.87
2.31	-5.56
1.44	-4.31
2.37	-1.05
3.96	-9.9
8.29	-9.26
-3.67	4.72
6.48	-3.95
0.11	-8.21
1.51	-7.91
0.78	-5.82
5.27	-8.4
0.87	-4.76
-9.41	7.44
6.06	10
-5.1	-6.9
-2.71	-9.08
-7.61	2.49
5.5	-7.99
3.16	3.15
-6.65	-8.44
-5.16	2.93
-8.78	-9.4
-6.09	0.87
-9.69	-4.02
1.31	7.75
-0.71	-9.85
3.8	-9.75
-1.64	9.26
9.52	5.48
3.87	0.61
-8.73	4.56
7.42	6.56
-2.55	3.61
2.74	6.57
-6.98	-3.22
1.54	1.01
-0.57	-0.1
-4.64	-7.41
-3.65	6.13
3.21	-4.68
-5.1	-1.72
8.54	0.9
7.23	4.15
0.02	0.47
8.13	0.19
-9.49	-4.29
-7.71	1.4
3.64	-5.92
-2.57	-5.89
3.75	-3.55
4.18	9.71
9.82	-5.73
7.69	3.84
-1.37	-5.02
3.41	-2.93
0.62	6.08
9.86	0.15
-5.42	-6.58
-9.98	-9.96
-3.94	2.74
6.9	1.31
3.14	1.21
-3.43	-7.08
-6.65	-6.77
-5.27	-6.21
9.76	2.25
-9.8	-3.1
-8.88	-4.46
-8.8	-8.84
9.17	-5.46
-2.55	-1.78
8.09	-3.37
0.05	1.19
9	8.98
5.87	7.66
7.59	9.16
8.59	-2.37
5.29	9.79
2.12	-0.77
-9.79	8.5
-3.91	5.39
0.08	-8.08
6.9	0.39
-0.74	9.45
2.75	-9.05
-8.51	1.25
4.93	-0.8
8.73	-4.58
-4.63	-0.35
9.9	-7.25
-3.75	6.76
7.23	3.88
-9.9	0.38
6.98	9.43
1.75	-7.2
-0.11	-1.66
-4.38	-5.09
1.99	2.03
-6.81	-8.71
4.23	0.01
0.13	5.58
0.71	3.49
9.72	9.83
-4.25	2.68
4.22	-6.57
2.25	-5.25
5.09	5.75
0.89	1.5
-6.34	-4.45
-0.92	2.22
8.04	-6.63
-3.6	-3.34
5.43	-3.12
-2.57	8.05
-5.51	-9.75
2.69	8.22
-2.52	0.85
-2	-4.81
-3.38	4.52
0.82	-2.85
-4.65	7.01
5.19	-8.88
-1.51	-4.66
-9.88	-7.88
7.41	-4.55
-1.53	1.1
-1.2	2.42
-1.5	9.77
-6.09	2.57
1.06	0.88
-4.89	0.79
-4.16	-1.3
7.47	3.58
9.15	4.14
7.94	6.27
-2.8	8.64
7.47	4.61
-7.92	4.55
1.51	1.62
-3.24	2.15
-1.15	7.25
-5.42	-9.3
-1.08	0.89
-3.49	1.78
-4.33	1.38
2.65	-2.92
6.64	-8.6
1.29	-9.37
7.92	6.67
-5.96	8.82
-7.59	7.65
-8.52	-4.26
-2.44	0.13
-1.16	-2.89
3.59	9.17
-8.16	3.5
2.87	-4.6
7.25	-9.74
-5.04	-3.77
-9.87	-7.71
-6.32	-0.31
-6.61	4.69
-3.96	8.98
-6.16	-2.15
3.48	9.26
8.61	-9.14
-3.33	1.38
-0.06	2.91
5.34	5.99
6.67	9.56
5.66	-8.99
1.37	5.31
-4.3	-4.82
-4.53	-9.03
3.74	6.07
2.46	-1.2
9.07	2.98
-8.18	-3.43
5.53	-7.21
-5.04	0.63
3.22	9.99
0.99	1.88
7.6	9.06
4.17	-7.46
-7.49	-0.99
-1.58	9.46
-7.17	-3.07
8.71	5.04
1.13	-3.61
-7.48	5.57
9.15	4.31
7.92	0.04
1.96	-5.9
7.68	2.07
6.82	4.63
5.73	9.59
-0.13	8.7
2.9	-9.11
2	-4.6
-3.71	5.53
3.27	0.29
-3.52	3.55
4.95	1.13
-1.62	-9.36
-6.77	-9.32
-2.51	-7.34
5.43	2.35
3.79	-4.13
-1.07	9.4
3.58	3.29
-3.32	2.47
9.07	-7.8
4.12	0.85
-1.3	-0.18
-7.57	0.66
0.65	-3.45
-0.14	-6.88
6.41	5.58
0.33	9
-6.16	7.59
6.6	3.02
-8.94	4.56
8.94	-6.51
3.4	1.66
6.93	8.04
8.17	-2.19
2.54	-0.12
-9.33	-0.3
3.54	0.59
5.8	7.64
9.83	7.46
-1.23	9.57
-7.87	-7.16
9.58	2.87
-9.33	-6.58
-3.57	8.22
-1.76	9.11
-5.65	-0.57
-3.7	-9.88
-2.39	-8.61
-2.79	6.14
-2.72	-1.57
7.76	3.53
1.97	-4.92
-4.28	-1.06
6.84	-5.5
-9.14	6.21
3.35	4.59
3.31	-5.91
7.09	5.93
-0.79	-7.09
1.69	-3.58
2.11	7.27
-5.04	-4.38
-6.16	-1.47
5.3	6.2
-9.22	-5.57
6.25	9.57
-6.16	-5.91
-6.91	-9.4
7.01	-0.57
8.57	7.26
-3.6	-3.75
-6.81	5.85
-2.08	-0.08
7.77	-4.39
-5	7.57
8.62	1.37
8.87	0.26
9.31	2.15
-3.81	3.4
8.59	6.54
5.12	-7.92
-8.23	8.01
-5.42	-5.19
-2.5	-4.66
-3.97	-3.61
0.74	1.26
-5.81	-8.57
3.81	-1.31
2.48	-1.8
-6.59	-9.16
-8.71	3.04
-8.95	-8.9
-1.22	7.17
-6.3	-5.63
-7.46	3.63
5.38	-7.06
9.49	0.68
3.11	-4.64
4.39	2.84
6.87	-4.84
-8.44	-8.77
1.05	1.29
6.47	-8.77
4.57	-3.74
-1.1	0.09
-3.09	5.27
5.87	-5.29
5.94	-9.45
3.78	-7.19
2.58	-1
9.1	-9.59
-4.38	-1.36
-7.29	5.17
7.69	-1.69
2.05	-5.03
-5.6	-9.32
1.06	7.88
5.65	-2.6
-7.91	1.34
-9.98	0.78
-5.37	-8.32
-3.14	-1.79
6.22	-1.13
2.09	-6.86
-1.78	-3.44
1.25	6.34
7.2	-0.4
-8.14	-6.07
4.13	-8.58
4.32	-9.19
-7.49	-9.89
4.4	8.72
-9.64	2.86
2.72	5.22
0.76	-8.27
1.75	6.85
-3	-5.8
-0.82	-8.2
-6.72	8.1
5.82	-7.57
2.33	4.95
-3.23	-6.18
-5.16	-8.72
4.06	-4.13
5.76	1.98
-3.96	3.39
-9.09	8.82
-3.06	7.54
-8.21	-6.79
-9.87	-5.95
6.32	7.66
-9.12	8.67
2.65	7.55
-2.28	-0.42
-5.99	0.6
-1.59	1.52
-2.12	-1.26
-7.3	4.46
1.59	7.59
2.11	-7.13
3.28	-4.74
-3.13	-8.63
-0.08	6.67
-9.18	3.31
5.45	-8.44
7.92	3.14
-1.88	-6.46
3.6	3.51
6.23	-6.99
5.95	-3.77
-0.66	4.69
5.17	6.71
3.18	6.73
1.35	-0.18
8.13	2.95
-8.36	8.6
-8	5.05
-1.52	8.06
2.03	5.57
9.43	-6.12
0.43	7.8
-5.64	0.09
-5.32	1.15
-4.35	-0.78
-5.61	2.39
-8.98	-2.91
-0.12	-4.27
-4.27	6.84
3.7	-7.29
2.8	-3.17
2.6	2.91
8.49	5.81
-6.65	-7.91
1.11	-0.27
-0.93	-0.35
-1.78	-1.58
7.56	-6.48
-4.75	-4.57
3.61	6.38
4.33	-5.7
6.88	4.02
-4.75	5.12
-8.95	4.92
3.92	9.29
-6.22	-8.49
4.11	1.44
7.18	-8.12
-3.11	-8.81
8.38	7.43
-2.64	-1.76
0.92	3.17
3.53	5.47
-6.06	1.6
3.44	1.1
7.3	-5.45
9.84	5.07
-8.38	5.37
7.28	-5.59
-1.53	-1.24
-1.23	-3.94
6.78	-8.6
5.65	-6.68
-1.09	1.19
-4.34	-9.24
2.11	1.93
4.49	1.03
6.7	-0.79
5.91	5.9
9.2	-2.78
-7.72	2.44
-6.4	8.18
-8.19	1.95
-6.87	-1.55
-8.86	0.58
-3.43	-9.32
-1.31	0.43
5.47	7.71
5.55	7.32
7.04	-7.55
5.68	-2.35
4.71	-7.45
5.22	8.38
-9.62	-1.79
-8.55	0.94
2.62	-4.49
6.13	2.33
7.21	2.58
-0.89	-1.87
-9.5	3.7
-1.68	-4.34
9.46	0.7
1.58	-3.9
-5.29	-0.62
8.7	-3.13
0.46	2.25
1.4	-6.73
8.75	0.41
-5.51	6.22
3.42	7.13
-8.38	9.56
3.2	4.84
-4.33	0.97
4.85	8.33
-0.25	-0.7
7.95	3.15
4.75	6.82
4.83	-6.49
-2.55	-3.85
-6.58	-8.47
-1.17	5.46
8.63	-3.27
2.35	4.91
3.07	2.07
-9.46	-5.69
9.08	9.61
2.32	6.46
-0.04	-1.34
1.6	6.96
0.47	8.91
-8.45	-7.62
0.44	-7.84
-0.4	6.08
-2.12	-4.85
-6.13	-3.89
8.56	-1.33
-4.27	2.46
-8.58	1.81
-0.59	-0.87
-0.07	-2.91
-9.22	9.53
6.69	-4.83
0.72	-2.53
-0.21	5.52
-0.12	1.37
-0.73	1.34
-1.36	-3.98
1.55	-2.66
1.35	-0.5
0.01	0.56
8.1	-1.41
6.63	-1.33
-8.66	-9.53
2.92	-2.36
0.33	8.82
-6	3.43
7.81	3.01
-9.44	3.77
0.8	-5.04
0.21	3.66
-0.33	-2.48
-1.74	-4.81
-8.85	7.17
-0.17	8.89
1.03	6.04
-1.43	1.73
6.18	-0.32
2.74	-3.11
5.24	-7.34
-2.46	0.67
2.55	2.04
6.18	4.8
-1.95	-4.26
4.56	-4.83
-4.45	-9.97
-0.24	0.46
4.74	-7.22
0.18	5.79
-8.28	-3.83
-6.06	6.51
-9.52	1.04
-7.19	9.26
5.72	-9.99
-9.62	5.12
-9.53	-1.48
4.91	-8.13
4.33	0.23
4.07	4.18
-4.19	9.1
-1.7	-6.99
-7.94	-0.94
4.94	-8.73
-3.05	-8.25
8.53	-0.34
-2.32	2.42
-9.78	6.83
-2.33	-8.44
6.82	-8.2
-2.49	-9.91
4.66	0.34
-9.22	-3.46
-0.39	-5.24
1.9	2.19
-4.49	6.21
8.59	4.69
7.51	-0.9
-0.4	-3.48
-5.01	-5.28
9.42	2.37
0.97	-3.13
6.02	-4.08
2.49	-0.6
5.04	-6.21
2.77	-8.3
7.79	-3.48
9.97	1.68
0.23	-4.3
8.18	-4.3
3.01	-9.26
-3.94	6.44
-1.53	1.41
-0.6	3.63
-5.19	5.53
-9.74	3.04
-3.48	-6.98
7.61	5.02
6.76	9.58
-7.85	-0.73
-5.07	8.36
9.21	-4.19
8.2	-3.41
2.15	-1.39
3.23	-5.64
-1.38	0.25
5.44	6.88
0.4	-1.99
-2.04	-1.77
-2.05	-4.4
1.87	-3.19
4.21	-5.02
-9.13	-1.24
-9.1	-5.35
0.3	0.16
-4.73	-6.61
0.54	-8.18
5.53	-3.79
-1.99	-9.36
-0.72	4.53
4.88	-1.94
-4.44	-2.61
-3.47	2.8
3.56	-1.34
1.33	-0.74
7.7	8.14
6.86	0.77
2.1	-5.92
5.6	6.82
-0.54	2.27
2.02	2.52
7.37	6.2
1.72	8
0.3	1.14
0.88	-5.38
-3.81	-0.34
4.39	5.67
4.65	-4.65
2.89	-9.26
-0.43	-7.59
3.71	3.39
-9.43	-8.52
9.15	3.08
-7.72	-6.98
7.94	5.67
-2.09	-6.29
7.39	1.06
-5.51	5.85
-1.74	3.91
6.88	3.16
1.76	-1.9
-0.28	-1.39
6.14	8.87
-8.33	8.27
6.97	-9.06
-4.07	-6.21
-5.34	-3.66
1.51	-5.7
5.28	7.99
8.16	-2.17
-0.32	-2.35
1.58	-9.68
-1.95	2.96
3.92	7.07
-2.37	-0.45
-7.68	4.28
-9.02	7.54
-3	5.65
-6.94	-0.36
-6.01	-0.57
-0.58	6.78
6.95	-7.25
0.74	4.12
7.21	6.36
6.99	3.9
5.68	-7.27
-3.29	3.38
3.05	-7.6
7.92	7.27
-5.61	-2.68
-5.11	5.68
8.47	-9.13
6.22	2.33
0.51	6
-7.77	-0.92
3.58	-4.47
-3.77	-6.22
1.97	0.74
3.55	-5.89
-4.94	-0.26
9.17	-2.63
-5.73	0.62
7.75	6.33
3.05	-1.44
8.79	-8.21
9.75	4.77
6.56	-1.91
-6	0.93
3.92	3.31
0.28	5.04
2.17	-6.97
-6.37	1.83
-3.54	1.6
3.33	-4.86
1.84	-9.71
-4.74	4.45
8.49	2.13
7.03	4.2
0.26	-2.92
-2.65	4.71
7.33	-2.27
-3.16	2.23
2.83	-0.88
-3.75	-6.23
-9.22	2.88
-4.81	-6.46
-7.28	-8.04
-4.66	-1.4
2.55	3.53
-3.42	4.37
-8.33	-3.01
2.94	4.87
-1.86	6.91
-0.44	-7.53
9.52	-2.42
-8.87	5.25
-3.31	6.76
-8.92	7.83
5.05	0.6
-2.2	6.26
-5.42	-5.78
-0.35	2.03
3.14	6.05
-1.92	0.35
8.61	-0.46
-1.59	-2.62
9.47	-2.05
-1.15	-1.44
-0.85	-8.72
9.07	0.52
1.5	5.93
-4.96	2.74
-6.5	-0.52
1.66	-3.86
8	-1.8
0.92	8.5
6.69	-0.57
-4.13	-7.53
-5.32	-4.85
-8.3	5.82
-9.14	-8.5
4.95	4.82
-9.61	-0.96
-6.77	-5.69
-9.01	-0.14
-9.03	-7.34
-8.46	-4.56
-7.51	5.96
-1.6	1.66
5.63	9.21
0.6	-6.16
-9.04	8.4
-6.18	-7.18
-1.02	-8.47
-4.17	-1.81
5.14	-3.63
-4.26	-7.17
9.1	-8.21
0.59	-8.36
0.07	-5.85
8.53	0.85
9.39	4.51
-9.21	-3.45
7.57	6.2
6.86	-1.35
-6.11	-9.8
0.05	-0.99
-5.96	-9.11
-6.54	8.43
9.29	3.42
-4.68	2.32
9.47	8.87
5.59	-1.57
8.85	3.66
8.36	4.16
-6.99	4.3
4.48	-9.33
-0.22	-2.89
9.95	0.41
-8.98	-7.97
-7.28	6.14
-0.89	-4.95
4.78	-8.59
-0.79	-5.99
4.25	-9.79
-8.14	-3.6
1.3	-0.1
5.54	-0.57
-4.17	7.24
9.78	9.99
-3.8	-5.88
-1.98	4.15
8.7	5.26
-5.33	-9.37
-0.02	-1.78
5.5	-3.92
7.63	-3.7
-1.11	9.81
-7.85	-4.51
1.79	-9.67
-2.85	3.54
0.63	5.58
4.04	-3.21
-2.39	9.16
7.62	7.26
9.65	-5.75
-6.12	7.18
1.51	0.53
-5.92	7.15
7.24	-6
-3.8	-3.91
3.31	-8.37
-7.52	-0.15
9.55	-9.68
-2.76	-4.75
-0.06	-3.48
1.31	9.17
6.53	9.6
2.47	2.87
2.1	-4.98
-2.47	-3.58
2.46	1.64
-4.61	8.13
-0.72	9.32
-4.83	7.69
-6.22	4.11
2.01	-1.39
5.79	6.33
-5.17	-5.59
-8.05	-7.77
0.71	5.91
-4.39	-8.76
1.44	9.22
8.26	5.87
-0.45	-6.55
5.75	-8.81
-1.15	6.01
4.45	0.84
-5.04	9.28
4.46	1.62
3.14	-3.49
-8.96	0.01
-0.35	-5.96
-2.92	-5.82
-8.53	-3.74
9.48	0.42
8.95	5.71
9.33	-5.29
-5.17	-5.62
9.59	-5.71
-3.21	-8.32
7.02	4.86
5.44	7.15
-7.57	-3.97
3.72	5.8
-3.45	0.68
-6.86	4.64
2.46	-2.96
1.61	0.9
1.89	2.88
-8.36	1.29
1.62	-5.32
5.98	-7.36
-9.5	-1.45
3.73	-1.06
-1.8	-3.48
-7.16	3.9
3.71	5.4
-1.26	4.78
9.96	-8.67
0.81	2.78
6.81	-2.06
-9.48	8.72
-9.04	-4.55
-5.4	-7.69
2.8	5.17
-3.65	9.14
4.81	-6.91
-4.61	5.73
-1.07	1.4
-6.27	-1.35
-9.45	0.42
2.72	-9.59
-7.11	-3.85
2.91	5.74
-9.54	-1.71
-4.83	-4.31
-4.21	-6.91
-2.57	2.14
8.32	-6.75
1.51	4.81
3.65	-2.73
6.02	-8.77
1.22	5.97
-8.11	4.46
-6.61	-9.51
-8.51	7.5
6.63	4.45
5.6	8.29
6.64	-1.92
2.15	1.69
0.29	-8.49
2.68	-6.26
-3.91	-7.7
1.81	-9.93
-2.16	-7.19
-8.69	-9.74
2.42	7.33
6.82	-5.02
-7.72	8.54
8.9	-0.34
-2.72	-1.87
-8.66	-9.9
9.18	-9.34
-1.19	8.07
-4.51	-8.12
4.08	-6.49
-3.33	2.5
-8.69	5.07
-0.31	-5.25
-1.65	7.8
-4.08	6.37
-0.3	3.85
-7.7	-1.17
8.82	-7.86
-8.67	-8.12
-2.52	6.85
5.01	5.73
4.22	6.75
-5.25	-5.57
-8.53	5.2
-6.54	-2.49
-10	7.43
-4.43	-5.44
8.71	-4.68
-8.52	3.04
-7.64	-0.48
-4.12	-2.08
-4.52	-1.12
4.9	2.29
2.14	9.18
-6.72	9.39
1.86	-9.86
-5.35	-6.61
4.46	-3.69
-0.09	-4.76
-0.95	6.76
4.48	-7.35
-7.34	-9.57
-0.9	-2.5
-0.1	6.75
-5.03	-3.13
0.24	0.87
7.86	3.78
-8.02	-4.2
-0.08	7.96
-3.58	8.41
3.92	6.89
-1.81	-2.37
6.55	-8.16
-1.08	6.04
9.48	-0.43
8.91	7.56
-8.73	9.2
4.19	-0.51
-0.08	-9.57
-8.75	6.58
-9.08	10
-9.45	2.92
-8.67	1.21
-0.82	5.33
2.08	0.29
4.67	7.44
5.36	4.37
-3.48	2.44
-1.42	-2.31
-5.39	-9.72
-1.76	6.72
0.68	-7.39
-1.11	9.05
-4.75	-5.63
-8.59	7.55
2.43	-0.5
-6.84	7.92
-3.36	-3.33
-4.16	-9.85
1.39	9.25
-0.33	0.53
-1.85	8.02
-7.97	6.16
-0.94	-1.44
-8.18	4.6
-9.04	-7.03
5.06	5.15
8.33	6.47
0.33	5.68
-7.71	9.93
-6.55	-1.05
0.02	-4.76
-0.63	-2.79
-1.95	5.88
1.47	3.22
-5.54	6.02
6.44	-7.12
2.25	6.26
3.87	-1.71
7.57	1.78
-6.83	6.4
-9.91	6.26
3.56	6.95
-7.44	-3.58
-2.22	-4.02
1.89	2.49
-8.26	-6.01
0.57	2.22
8.22	-1.63
2.2	2.51
-4.64	2.24
4.83	-7.09
3.17	3.01
-4.94	-8.86
9.74	-5.18
0.11	-3.64
-7.2	-1.62
0.82	-7.87
7.36	-3.19
5.16	-5.06
9.91	-6.96
-7.17	6.13
0.24	-1.28
-7.88	4.06
3.72	3.72
3.18	8.47
3.12	-7.58
4.89	-5.45
2.48	-9.91
-1.7	-5.57
-8.62	0.44
-2.92	-6.7
1.53	-5.29
-3.86	1.55
-6.84	6.71
-9.94	6.31
-6.29	-4.67
9.71	-7.64
1.59	-6.1
4.16	7.61
-8.8	-2.77
8.15	-3.01
4.68	2.37
-7.71	-9.38
0.03	-1.43
8.42	5.08
8.67	-2.57
-4.43	9.12
0.32	-4.16
-1.96	2.66
-5.72	2.03
-2.94	-6.46
-6.35	-7.24
4.34	3.78
1.84	-4.37
-0.53	3.92
-4.57	4.76
-8.23	-4.67
-8.2	-7.47
-3	-1.21
8.5	-7.84
5.08	-1.14
4.34	-1
-1.44	-4.45
-3.19	5.68
9.29	-3.38
-3.91	1.5
-8.13	-0.95
3.15	-3.9
9.71	-3.47
4.83	3.81
-5.64	-6.8
-3.58	3.64
1.84	-8.91
8.64	1.13
6.63	-8.98
2.43	-5.31
-8.97	5.03
2.06	9.97
8.23	-8.77
6.71	2.93
-6.85	-0.75
-2.8	0.83
1.9	9.09
-3.4	9.3
-1.18	4.78
-4.46	-3.5
-6.81	-9.95
-1.89	9
5.43	-5.09
7.8	-1.72
1.82	-4.73
-8.38	5.48
-5.4	-1.87
-1.26	-4.88
9.61	-8.29
2.09	1.87
-9.83	9.84
7.34	7.79
-8.9	0.68
-9.12	2.41
0.61	-1.45
-6.69	-7.57
0.61	-8.15
-5.76	2.16
9.69	6.5
3.82	1.84
-8.87	-1.41
7.91	-8.57
9.98	8.14
-0.68	0.93
9.46	-4.53
6.97	-3.09
8.74	4.81
-4.14	-0.93
-9.64	-9.98
-6.56	9.68
0.2	-4.72
-2.68	6.92
-3.77	-0.51
-9.36	0.98
-9.77	6.18
-9.23	-6.66
3.06	-6.61
8.2	9.25
4.93	-0.07
-7.49	0.13
8.83	-3.71
6.66	2.71
7.72	0.11
-3.95	-9.71
8.7	6.93
3.1	-7.78
-1.33	-7.91
-7.45	7.45
-3.98	0.81
-4.94	-9.05
-7.71	-7.9
2.84	2.67
-8.44	5.58
0.14	4.63
6.85	-6.2
0.79	5.59
4.74	-7.64
-7.41	-7.79
6.7	6.66
-4.25	-5.99
2.91	-3.74
7.71	9.71
0.48	0.27
-1.42	6.49
-5.67	7.68
9.17	8.77
-9.44	9.28
7.17	8.75
1.51	-9.33
6.93	1.58
9.48	5.42
-9.82	-0.12
-5.71	8.61
1.2	7.35
9.64	7.18
-1.37	-1.71
5.69	1.9
1.59	-9.14
9.45	-3.34
-8.27	9.34
-5.99	8.44
8.17	4.63
7.87	2.03
9.85	5.56
0.46	-4.01
6.92	-7.57
-8.65	3.7
9.72	2.74
-2.48	1.71
-2.93	-4.23
3.64	0.95
-2.9	-9.58
9.05	7.61
7	1.34
9.44	-0.06
-4.34	-8.63
9.9	4.82
-6.91	-8.8
8.17	-4.9
-1.23	-4.29
-3.47	-9.86
-7.17	-3.18
5.65	-8.07
7.7	2.21
-5.78	3.71
9.61	5.77
7.98	0.85
-3.48	-9.05
-2.57	-8.62
-4.21	8.21
-9.06	2.45
9.91	2.93
-8.49	-5.65
-0.09	5.78
1.65	7.49
-0.56	3.32
-7.13	-0.05
6.95	4.25
6.94	7.55
4.64	-8.27
0.17	0.29
0.96	8.32
7.8	-9.11
-8.1	8.96
9.82	9.9
7.48	5.95
6.09	-3.04
8.24	-1.85
-3.52	-3.87
-4.39	-4.29
-8.25	-7.98
3.18	-6.79
5.51	6.92
8.94	9.49
5.17	-8.63
-9.45	0.31
4.28	-6.83
-4.46	-0.16
-4.69	-0.11
-9.19	3.46
-0.53	-1.78
1.26	-2.94
4.47	-2.05
9.8	-2.26
-5.38	-4.1
-7.72	7.14
2.26	0.02
-1.02	-6.45
-3.48	-6.6
-4.22	1.63
3.42	5.99
3.59	7.56
-5.11	3.61
1.62	5.17
-9.86	-1.3
4.09	-9.39
7.33	-2.58
8.47	-5.72
-8.46	-7.52
-3.18	-4.55
-7.36	7.95
-4.72	-6.43
-3.45	5.26
-8.97	-8.76
-2.63	-3.99
2.83	-6.98
8.69	9.75
5.2	-0.17
-2.93	-8.98
-2.39	2.69
6.54	0.82
4.9	2.43
-6.39	5.37
-9.22	-1.73
0.05	-5.22
0.55	7.5
9.08	-9.84
-3.75	-3.55
-8.73	7.61
6.32	9.51
9.6	1.29
6.15	-3.45
9.83	-0.24
-2.26	9.55
1.64	-3.72
6.93	-5.06
0.47	7.1
-0.87	-6.36
-3.84	-4.65
5.97	6.3
2.27	3.77
-3.62	-6.34
5.81	-6.71
8.84	-8.1
7.25	5.89
0.44	4.46
9.83	3.7
4.68	4.47
-7.38	3.49
-7.11	8.46
9.42	-6.59
-0.18	-6.25
8.25	-1.28
-9.88	1.24
-8.01	4.84
3.66	-3.48
1.4	-5.63
2.7	-3.47
-9.97	-3.25
5.17	5.97
-7.82	-8.4
8.23	7.87
-0.75	-9.16
9.14	-2.81
6.16	4.46
-0.05	4.5
-7.8	-9.26
6.7	-7.73
-6.76	8.59
-0.22	8.1
-0.13	-1.94
1.36	7.72
-7.61	-6.85
2.58	-7.47
-3.93	-0.6
4.34	-5.21
-4.84	3.24
2.82	-6.15
0.18	5.98
-9.32	0.59
3.22	-2.42
-1.92	-2.83
8.45	-4.34
-7.15	-6.37
-3.14	-9.77
0.43	5.96
5.75	7.62
2.06	-2.02
-3.35	9.9
0.67	-8.29
8.72	-1.87
-2.18	9.71
8.87	-9.82
-7.77	-5.94
3.34	-1.57
-0.29	3.27
2.87	-6.1
-3.55	3.06
5.4	-6.59
-3.76	-5.52
6.49	8.44
-1.51	5.21
9.06	0.73
-7.2	-6.15
1.19	-9.8
3.26	-0.56
-6.34	-0.27
-9.14	-2.78
-6.02	5.84
0.77	8.55
-1.87	-1.59
3.65	-2.94
6.05	-3.37
4.63	-0.62
-5.41	-3.08
9.04	-8.9
7.03	-2.4
7.52	-7.78
-3.28	3.75
-3.42	6.24
-5.66	-1.34
-4.67	3.64
-0.43	2.72
6	-9.19
-9.88	-5.29
-5.91	-5.39
-6.21	0.01
4.42	2.21
-9.64	6.45
-5.94	-7.07
-3.83	-3.47
4.47	6.6
-1.94	4.23
5.01	-4.98
4.51	3.15
8.91	2.35
0.46	7.64
7.76	5.92
0.11	0.22
-2.07	-9.13
4.34	-8.72
-4.11	-4.47
9.08	6.45
5.29	8.06
8.2	-1.31
3.2	7.38
-2.62	-5.08
-5.38	9.44
5.04	-0.73
-8.09	2.95
0.22	-0.01
2.96	-2.1
-5.21	-1.16
7.46	1.2
-1.56	-0.24
6.11	-2.58
-0.67	-3.41
2.57	-7.05
-1.08	1.56
3.8	-4.93
-2.94	-4.77
-6.43	-0.05
9.63	2.95
-4.04	-1.01
2.09	-0.45
-2.54	-9.89
-3.07	-2.58
-8.06	-2.08
-9.29	1.66
-4.25	-5.47
3.22	-1.89
-8.11	-5.61
-2.62	3.78
-5.84	6.2
-5.51	-5.31
-6.58	-1.39
-1.47	-7.33
-1.4	-4.16
-3.4	5.39
9.45	4.53
2.24	-7.74
7.08	-0.34
-4.08	6.15
3.01	-3.92
3.05	-3.28
6.85	8.85
-5.59	-2.45
3.59	-6.64
4.13	-4.44
-9.15	-7.45
8.03	6.24
-7.13	0.92
0.99	2.3
8.05	-4.15
-3.57	-5.94
6.55	8.59
-3.86	5.47
-2.33	-2.24
1.68	1.58
5.63	4.76
2.32	9.32
-9.78	-4.99
7.37	2.31
-5.36	0.32
1.45	1.13
-9.67	-8.69
2.06	-1.43
-6.07	3.61
-2.35	8.42
8.76	-6.86
-4.35	3.89
-7.91	-2.27
1.29	-1.47
2.96	-1.31
7.88	1.4
-7.06	-8.35
0.95	-6.67
9.52	-6.29
-2.51	-2.84
6.44	7.37
9.9	-0.28
-2.11	9.27
-7.3	4.09
-2.3	-7.59
-9.31	0.14
3.36	1.1
0.32	-2.82
-8.01	6.44
-0.23	-5.04
-1.03	-1.06
-6.55	-7.06
9.27	-6.01
7.17	4.12
-5.96	2.45
-4.12	-7.41
3.39	-3.24
-5.55	-1.84
-8.48	7.77
3.05	0.38
-8.68	7.86
2.69	3.01
1.1	8.74
3.46	6.64
2.23	9.32
6.2	-0.34
8.69	4.63
-3.52	2.18
9.97	-0.15
2.07	-2.95
5.86	-8.87
-8.44	1.05
-7.74	6.15
9.04	-9.96
3.32	9.51
4.65	-0.9
5.84	8.25
-5.17	-9.99
3.54	-9.48
-2.67	4.9
7.16	-6.08
-8.99	1.44
5.2	-9.96
4.29	-1.03
6.25	-7.43
-5.06	-7.62
-1.56	-1.44
-9.57	0.41
-3.99	-4.5
0.46	-9.23
0.04	-9.71
3.42	-3.11
0.47	-1.17
-0.06	-2.37
4.59	8.85
0.77	-0.77
-8.78	1.93
-9.92	-3.91
0.76	-4.3
-3	4.37
-4.12	-5.54
5.54	-0.95
1.08	-8.64
-7.92	8.34
2.29	-6.7
-6.25	-2.39
-6.96	3.89
-6.37	-3.2
9.41	4.02
-9.76	-4.13
2.49	-5.76
-4.35	1.78
-9.87	7.27
-8.08	-5.28
5.46	1.35
5.1	8.94
-2.79	7.67
9.94	-6.45
-2.43	1.91
-5.31	-4.1
-0.78	1.41
0.41	3.04
-6.6	0.31
-4.39	6.92
-6.05	6.48
5.18	2.25
-0.86	-4.21
9.03	-1.52
-9.53	9.42
-0.79	-3.45
-9.83	-8.48
-8.24	7.22
-4.59	4.48
-5.11	-9.07
7.09	-9.79
8.89	-6.91
-1.98	-5.77
1.13	6.24
4.18	6.47
-7.08	3.81
5.98	-2.46
-4.04	5.67
-4.37	-5.1
6.57	2.36
6.69	9.93
3.23	9.13
7	-7.32
-5.76	0.75
0.64	-5.09
-8	4.61
-9.14	6.93
8.76	9.44
-5.92	2.9
7.78	2.75
5.51	5.74
2.52	-1.32
-6	8.22
-3.26	5.14
0.33	-3.38
4.35	3.04
-6.07	7.08
0.92	-8.68
-8.12	-6.35
-8.99	-2.68
9.85	9.1
6.38	-5.77
9.47	-8.42
-0.07	-9.77
4.38	7.27
4.12	-5.63
-5.41	-2.38
1.91	0.13
7.89	7.95
7.48	-4.5
6.78	9.97
-9.25	-3.51
-5.71	-5.89
1.49	3.31
9.93	-3.88
-2.37	2.39
-1.28	-4.15
-7.46	9.93
8.82	-2.84
-1.68	-2.33
-1.9	-0.75
-5.91	6.93
-4.96	3.58
-2.46	1.12
-7.51	5.58
9.2	-3.86
4.08	-2.86
0.09	7.64
-2.49	-3
9.52	7.56
-9.7	0.09
-2.15	-8.79
-4.73	2.66
5.14	-7.8
6.07	4.87
5.86	1.04
-9.32	-0.19
-5.56	-2.52
5.81	7.88
6.8	-2.88
-9.94	-2.24
-8.3	7.42
-1.21	3.05
1	-3.81
5.17	9.31
4.93	5.43
-0.46	5.36
-4.43	7.94
0.39	-9.39
-9.08	7.94
-5.61	-8.29
9.71	3
-6.14	3.72
2.74	6.95
-8.7	6.82
9.26	-1.47
4.14	2.73
-0.74	6.58
-3.29	-0.52
5.88	7.67
-8.91	1.77
9.28	2.23
-0.36	3.87
7.15	-1.14
-8.9	-6.7
9.08	-3.42
-4.85	4.47
-1.95	-9.9
-3.86	-2.45
-1.87	-7.51
7.84	1.19
2.56	-0.08
3.77	6.29
-3.2	-3.81
5.67	6.47
-5.95	7.29
-6.07	5.93
-5.1	-7.5
-8.18	3.19
9.71	6.35
-6.99	7.25
9.06	-4.57
-2.43	0.09
7.9	-1.33
-8.22	-9.78
6.74	0.45
5.26	5.27
-6.3	6.27
-8.68	6.83
4.47	-9.05
8.65	2.03
-0.15	3.53
2.48	-4.38
-8.01	-6.84
-1.13	-9.3
-7.54	-3.74
-6.07	-9.32
-2.77	2.17
7.85	6.99
-2.29	5.05
6.96	-1.25
-1.5	-7.11
-9.82	3.5
2.4	8.8
-5.63	9.79
9.91	6.01
1.02	-6.63
-4.37	5.12
0.74	2.53
7.72	8.87
7.94	1.21
-2.17	-1.87
1.74	-4.26
5.84	-5.21
0.38	8.33
-1.15	-1.21
9.03	4.61
1.24	5.41
5.11	-8.21
-4.57	1.12
9.59	-4.76
-5.12	6.54
7	-1.95
1.33	-9.87
6.31	0.94
-8.01	7.47
-4.1	-5.39
-1.28	2.32
-3.58	-4.59
0.58	8.8
9.56	6.8
-2.14	-6.5
-9.98	-9.59
-6.76	5.35
1.37	-2.32
0.8	5.86
-6.75	9.72
-3.02	-0.69
-3.61	-9.05
-8.09	-1.46
9.76	-2.31
-3.29	3.71
-1.79	7.33
8.21	0.35
6.08	-7.01
2.23	-6.94
3.66	-6.35
-9.07	-1.21
0.1	-5.6
6.82	3.15
1.37	7.01
0.88	7.22
-6.53	-3.08
0.48	-3.55
-1.35	2.43
6.07	-6.82
2.62	9.52
0.53	-4.09
-5.57	7.39
6.87	-5.96
-0.44	4.43
-1.67	-8.29
-3.76	9.71
-4.64	-5.79
2.81	5.54
-9.21	6.24
0.03	2.74
-4.71	9.72
4.11	7.59
-2.91	0.42
-6.69	-9.08
-9.49	6.83
-9.98	-9.02
9.75	9.61
-1.1	-5.54
4.72	-2.73
-6.42	7.17
7.16	-0.93
-5.3	0
5.81	5.6
3.31	-4.76
-3.59	1.91
-3.61	-4.84
9.35	-5.93
8.01	8.82
4.24	1.18
8.68	-1.78
2.38	5.83
-7.05	7.22
1.37	2.79
-8.19	4.03
9.51	7.09
-3.47	-5.72
-1.04	-3.95
1.78	2.38
3.62	-9.09
5.62	9.05
9.17	-2.11
-3.93	4.23
-2.5	5.03
3.05	-4.98
2.17	9.99
-6.42	-8.85
-9.25	-2.35
-3.17	-7.97
-1.26	5.72
-0.31	0.51
8.12	-8.98
7.39	0.19
-2.39	6.42
2.51	8.3
9.54	-10
6.52	3.71
9.47	3.31
3.67	3.95
3.59	3.04
2.15	-2.96
0.23	8.91
3.72	4.21
0.73	0.08
-1.87	-2.61
-3.07	-2.15
5.25	-1.92
0.51	6.56
-6.58	-1.17
-7.43	3.55
-9.05	8.93
1.85	-6.92
3.51	5.54
9.85	-1.75
-2.62	1.16
3.15	-1.4
1.54	-4.23
5.18	4.54
-5.4	5.48
2.42	8.81
-1.17	-3.64
-3.55	7.81
-1.58	-5.75
-9.74	-6.18
-5.55	-6.51
8.2	3.73
7.96	4.71
6.67	-2.11
8.37	3.87
-3.08	-3.96
-4.05	-6.81
-6.36	5.33
7.31	-8.47
-4.03	-6.77
-4.05	5.81
-2.76	7.91
3.15	4.2
1.61	2.63
3.86	-2.34
-6.91	3.34
0.96	-4.23
-7.84	4.1
6.94	7.93
6.52	7.4
4.39	-9.17
0.96	-2.79
0.42	-5.21
0.21	6.16
0.34	1.45
-9.75	-1.68
9.99	-4.69
5.55	9.2
-4.2	-2.53
6.9	8.9
8.79	9.52
-7.06	-2.81
1.91	-2.65
7.94	-9.89
2.38	-5.01
-6.42	-4.6
3.31	-2.2
8.03	-5.39
-8.03	5.5
2.79	-8.01
8.23	-3.94
8.13	-8.26
2.75	8.05
-8.09	5.69
-6.89	0.2
9.55	4.59
3.77	2.36
0.84	-1.64
7.15	-1.63
-8.86	5.99
8.76	7.15
-0.24	5.84
-6.36	3.25
-5.37	2.25
3.8	5.77
2.96	-2.54
7.65	-9.98
8.85	0.44
-5.93	4.43
-7.47	4.38
7.15	8.1
7.62	-1.55
-4.46	-5.19
9.57	-5.3
4.94	5.19
-3.48	-6.47
1.4	8.66
-7.04	-5.1
6.87	-5.81
-4.54	-3.28
4.09	5.91
4.04	-0.66
7.16	0.37
-0.87	9.42
9.8	8.28
4.96	8.03
-9.28	2.08
-2.58	-6
3.49	-7.35
9.69	2
-7.77	3.14
3.41	7.02
-2.25	-8.28
-2.86	-9.41
-6.96	6.62
0.12	-2.72
-5.63	-6.83
2.62	-0.33
4.57	-2.77
8.9	7.12
-6.1	5.93
4.91	-4.69
2.37	-3.5
0.43	-0.04
2.68	-8.11
-7.67	5.9
5.83	9.47
-0.04	-4.05
-4.43	6.54
-2.22	-3.8
5.65	2.22
-5.3	-9.03
9.9	6.99
1.5	8.54
6.88	-2.33
7.64	-4.09
-3.95	-8.4
-1.79	-3.18
-3.32	1.52
-3.42	-3.86
-4.74	-2.42
0.95	-3.07
4.46	0.82
-9.75	-3.19
4.99	7.47
-6.15	4.96
4.19	-0.52
-2.7	9.59
3.52	-7.37
-9.1	-2.23
-3.12	1.24
-5.85	-7.25
-6.46	0.35
0.32	0.43
-8.96	2.02
5.79	-2.69
-3.89	1.76
-1.16	-7.99
-4.12	1.02
0.49	-4.83
-6.95	0.75
-7.86	5.21
6.95	-7.63
4.07	6.29
-8.41	-3.91
5.62	0.18
7.26	1.34
-3.57	6.71
0.41	6.13
8	-6.71
-3.37	9.6
-6.43	-6.75
-2.41	5.72
-2.12	3.07
3.22	4.31
-0.57	-4.42
3.03	3.78
-8.87	5.09
-2.27	-4.78
-6.35	4.25
4.47	7.82
7.38	5.79
0.36	8.36
-6.31	-7.27
9.18	-9.94
8.1	-9.99
7.55	-6.96
2.33	7.53
7.62	5
-5.05	-9.74
5.9	-7.02
8.6	-8.43
-5.09	9.48
-5.41	-4.84
6.89	1.68
5.54	-4.04
3.78	-1.93
6.64	7.4
-2.35	5.06
-9.17	8.01
6.67	-5.43
0.45	-8.19
-1.07	0.14
-7.81	-1.78
-7.3	4.42
-6.5	3.46
3.66	5.3
4.09	6.09
-2.27	-2.93
-9.81	3.93
7.21	-3.33
-4.54	-6.02
-7.88	6.27
6.99	-8.21
-3.36	-6.4
9.88	-7.31
7.55	8.64
0.89	-2.84
3.9	-3.17
-3.69	9.19
3.14	9.72
5.35	-9.06
5.97	-7.83
4.48	7.45
-8.22	3.82
-6.99	6.31
6.45	7.27
-1.5	-4.99
-0.38	4.5
-3.06	6.57
6.24	9.35
-8.79	-1.3
-8.88	5.42
-3.71	-8.22
9.17	-3.49
-1.88	-5.95
1.41	1.07
-4.37	5.7
8.39	-8.27
-4.09	8.88
9.26	9.72
2.19	-5.39
-8.78	-5.18
9.28	2.23
-8.89	-8.08
0.7	2.43
-6.89	7.76
-7.57	-8.02
-9.21	-1.85
1.99	6.58
-8.08	-1.99
-6.94	1.21
-2.66	-6.55
-7.1	-6.53
0	0.58
4.25	-0.75
-9.73	-1.84
4.6	2.16
-3.52	1.86
1.65	-6.97
9.51	9.26
4.71	-8.55
-6.8	-1.65
0.99	-7.44
-7.9	-5.25
3.6	8.19
-4.91	2.98
-9.24	5.67
-6.61	9.19
-9.23	2.55
-1.66	0.33
6.33	-1.8
-1.7	0.21
6.93	4.76
-3.17	2.83
-7.73	3.29
2.02	-6.78
-3.17	2.09
-3.05	-4.32
-7.59	0.49
2.9	-4.2
-3.15	-1.3
3.34	7.92
1.67	4.93
7.65	4.64
-9.22	-4.46
-3.35	5.8
8.56	-6.68
2.28	6.48
1.34	-8.4
8.99	-0.53
-3.28	-9.04
-7.46	-8.57
8.31	0.99
0.54	-6.87
4.25	-7.07
1.89	-7.54
-4.12	0.11
-4.94	-8.79
4.67	-4.74
1.24	-2.71
-4.01	9.16
-0.44	-3.18
-6.76	1.02
-8.92	1.89
4.3	8.24
9	7.8
0.58	8.42
4.82	-0.15
1.31	8.78
1.93	-1.14
-8.96	4.52
-8.41	1.74
-0.02	8.78
-6.53	5.07
-3.65	6.8
-6.53	-5.02
1.03	-8.45
3.75	-5.76
2.86	8.55
-5.98	3.06
4.24	-2.09
4.45	-9.86
4.56	2.25
-6.73	-7.17
-6.7	1.09
0.88	-9.95
9.73	-8.3
-6.15	-1.07
4.12	3.46
8.27	-6.49
-0.22	9.64
3.05	6.74
5.03	0.33
-8.76	-8.65
9.73	-0.4
4.68	-1.39
-7.12	8.63
-1.61	-8.97
7.12	6
1.21	7.96
-6.53	-1.22
-1.25	0.55
-7.13	3.27
-2	-9.67
-7.09	9.83
3.58	-2.2
9.71	-4
-0.2	-4.85
-0.57	-1.67
-7.34	-2.44
-9.13	0.47
-9.46	-1.51
7.56	-6.3
-3.76	-0.37
7.57	-7.41
-0.3	2.17
1.23	-6.48
6.61	7.27
5.26	-1.64
8.41	-5.19
-1.25	-0.59
-6.91	8.75
3.74	-4.04
0.37	-4.68
8.34	5.97
2.56	-8.16
5.35	0.55
-4.27	7.21
-0.89	8.06
-6.16	8.22
-3.86	-9.24
2.81	-1.88
-5.67	4.86
-6.22	-9.13
2.18	5.73
0.14	-8.29
-8.77	1.13
-0.39	-5.06
8.1	-8.22
-2.42	-7.17
5.55	8.85
-8.72	-1.09
5.73	7.25
0.01	-8.41
-6.69	-8.29
-8.18	-0.72
-2.69	5.48
4.05	-2.2
8.28	7.41
-6.91	-9.06
-2.88	-9.68
-9.4	8.65
-9.11	9.9
7.24	-5.3
-9.09	-5.86
9.4	2.82
-1.85	-0.22
-8.27	-0.16
3.86	4.77
3.72	-6.97
3.03	8.78
2.57	-8.71
-9.18	3.35
-1.49	-9.89
2.95	1.6
-6.22	-3.11
-7.74	7.61
-4.1	-7.43
-6.77	-7.4
2.76	8.19
7.93	3.64
7.43	4.02
-9.52	4.21
-4.47	-1.36
8.06	4.1
-1.43	6.28
4.24	9.4
1.79	7.33
0.75	7.84
9.18	5.52
-7.31	-0.18
0.43	-8.58
-6.67	-0.3
0.94	6.61
-4.23	4.13
0.22	-4.41
-6.03	7.38
4.49	-9.45
-2.8	-9.93
5.3	-9.46
5.63	-4.18
0.8	-2.94
1	3.44
9.46	9.85
-7.27	-8.57
-9.97	6.49
9.78	0.76
8	9.4
-3.27	-7.08
-7.41	-2.29
7.17	-5.96
-0.35	-8.24
-7.16	-7.4
-2.71	-1.06
7.43	-3.74
4.38	1.98
-1.83	4.67
-5.25	9.24
-4.95	-4.92
3.62	-8.23
-6.28	-5.74
-0.45	-7.47
3.16	-6.65
-5.33	9.87
-9.69	-0.96
0.04	5.1
-0.14	7.63
0.43	0.71
-6.71	0.64
-9.29	3.71
6.14	-5.91
-3.57	3.49
-2.66	7.75
-5.23	3.77
0.63	3.4
1.2	-1.84
-1.15	-7.66
1.17	-3.48
7.17	4.46
2.83	-4.05
-0.46	-8.62
-8.75	-2.53
-8.12	7.23
2.42	1.3
0.88	-6.61
2.88	-4.88
4.65	7.37
-4.14	9.93
5.43	-6.89
-6.38	7.12
3.42	-9.7
-4.06	9.21
5.35	5.02
-5.7	-3.93
-0.6	-2.51
-0.7	-2.17
-6.73	3.62
-0.22	0.19
-0.95	-1.69
-6.77	8.08
-2.66	6.88
-9.66	-6.58
1.4	0.96
0.59	-8.81
-6.69	-9.97
-4.02	-8.74
-5.51	4.1
-6.28	-1.21
7.02	-6.73
2.68	0.39
8	-3.48
-9.45	-9.54
1.9	-8.95
-6.87	8.91
1.59	-8.13
-2.85	-6.56
-4.44	-5.92
6	-0.45
5.8	-5.62
9.78	1.54
3.96	6.87
-2.94	3.7
3.58	0.18
4.55	-7.72
9.44	-9.03
9.73	6.3
0.97	4.61
-7.57	-6.75
4.78	-6.36
-6.58	4.79
-6.6	4.38
-8.44	1.21
0.08	-1.44
0.3	7.75
0.58	5.48
2.52	2.98
5.29	-3.48
8.07	5.67
2.92	-1.71
7.6	-1.7
-8.18	-1.58
3.3	-7.1
1.78	-0.36
0.42	-4.54
-3.48	-9.76
0.38	1.11
1.23	-3.67
5.02	-0.74
5.29	2.51
-3.5	-3.08
-2.46	3.25
-9.88	-0.4
-6.35	2.01
5.94	-9.8
8.43	-2.32
1.12	4.85
3.27	-9.4
-6.9	6.66
-2.28	-6.55
-4.53	-1.19
-3.63	8.74
3.42	7.73
-0.53	-1.05
2.19	-2.19
4.97	-4.92
-3.89	6.35
8.68	1.51
-3.86	-4.63
-0.15	4.35
0.71	-0.31
-7.25	-9.8
0.87	-2.72
-5.22	-8.2
-8.45	-3.7
-7.93	7.92
-4.31	4.83
8.01	2.94
-4.75	-2.6
3.77	-0.51
-1.54	5.2
-1.81	-0.95
-6.73	-2.5
-7.65	-9.87
9.55	-7.37
-2.15	-5.08
3.43	-9.91
-4.25	-9.65
3.75	0.99
-8.32	-4.06
-8.14	6.31
-7.09	8.72
8.53	2.2
-3.26	-5.1
3.53	-6.41
-9.15	-3.4
2.69	-7.13
9.22	-4.2
-7.55	5.47
-8.78	1.1
-7.52	-0.99
2.19	-0.13
-0.03	3.25
9.77	3.4
9.71	-2.85
2.55	-3.01
-0.96	5.4
6.7	0.83
-0.42	-0.11
7.68	6.55
1.74	-2.02
-4.33	6.1
8.05	-1.72
7.18	2.41
5.99	0.1
-6.74	9.18
9.2	-9.22
-9.02	-0.32
8.89	5.18
-4.61	-0.91
1.65	0.5
-8.06	-2.7
4.72	-5.18
-3.73	9.85
4.72	7.39
4	4.79
9.38	5.04
8.12	-6.87
-0.71	-8.72
7.84	-5.77
2.27	7.8
-3.61	3.5
-1.17	6.98
0.87	0.1
-8.98	2.39
-4.33	-9.62
-1.12	6.16
1.59	9.07
6.24	1.5
9.81	-4.24
-7.53	4.01
5.69	-5.86
-9.87	1.72
1.07	-3.74
-2.84	5.77
-5.99	-9.69
-7.52	-1.96
7.25	-3.22
7.43	8.82
9.23	-3.43
7.09	5.72
4.23	1.36
6.95	6.19
8.87	4.13
-7.37	8.81
1.53	2.6
1.81	1.47
-2.94	3.77
-3	3.12
1.49	-1.8
7.73	-3.98
1.84	9.04
6.61	9.33
0.99	9.96
-9.96	1.74
7.55	-5.38
-0.26	-1.44
-3.77	0.95
-4.04	7.62
8.35	-8.02
1.38	-2.41
-9.8	-6.28
-0.51	5.91
9.73	-8.47
-1.12	-9.05
-2.02	2.37
2.29	-8.65
4.75	6.98
-2.79	-0.26
-5.79	7.29
5.4	3.02
-6.97	-5.84
-6.63	0.79
-2.26	9.43
0.34	-8.62
-8.13	4.68
4.87	8.21
-2.48	9.1
5.72	-5.77
5.19	7.13
9.21	-7.79
-3.66	-6.17
-9.91	-9.95
6.42	1.6
1.23	-5.42
-9.33	5.5
2.31	9.02
-1.23	-9.91
-3.31	3.36
2.12	-3.59
-6.42	1.91
-4.99	-0.64
-7.69	-4.29
5.74	-7.02
4.9	4.12
-7.1	-6.54
0.76	8.21
-2.59	5.61
2.4	-3.75
2.25	-9.86
-2.09	0.23
-9.81	-3.09
-8.51	1.47
-3.48	3.34
-6.31	5.25
-2.3	1.39
-7.3	3.21
4.91	8.87
-7.74	9.24
5.09	5.2
3.17	-5.05
2.42	6.78
2.12	-1.13
9.41	1.14
-3.46	-7.87
0.87	7.43
1.24	6.5
4.6	-9.32
3.33	-0.39
-6.32	-1.58
-5.94	-0.37
8.46	2.83
9.94	-3.4
4.86	5.99
5.81	5.8
-0.65	-0.26
-6.63	-1.34
4.1	2.92
-1.47	-4.29
-6.69	-2.57
-7.85	2.94
-9.08	-9.23
-6.6	9.49
-6.15	-4
-0.66	4.03
7.45	-9.84
6.18	6.15
4.78	-6.25
-5.39	0.49
-7.43	-6.24
1.46	8.12
7.6	3.23
8.85	6.99
-9.46	1.95
2.89	-2.97
-4.89	1.54
6.18	8.78
7.69	-8.29
-5.48	-6.37
-7.33	9.62
1.32	-9.93
-5.36	-2.32
9.89	-9.5
6.62	0.04
9.74	-5.06
-3.52	7.94
0	1.88
-3.3	7.46
-2.49	6.81
-0.19	-1.13
-4.83	9.24
1.94	-9.1
6.87	-1.53
-6.74	-6.43
9.15	0.34
-8.97	-0.4
1.66	-6.86
-7.51	-9.91
9.01	6.71
-0.61	2.05
-5.01	-9.74
-2.74	6.38
-1.99	-5.24
0.93	-5.2
6.05	-8.02
1.03	7.78
-2	3.35
-7.35	8.43
6.12	-7.01
1.61	-7.46
-0.72	-4.92
8.72	8.95
-2.45	3.5
-4.63	8.49
-7.95	-1.27
7.72	-9.69
8.58	5.12
-0.29	-0.14
4.07	4.49
5.49	6.83
1.27	-7.59
-9.54	-8.13
-2.85	-8.94
-8.84	-2.71
8.65	-8.04
7.94	0.63
-4.05	-4.19
-3.51	-7.86
9.11	-7.08
1.01	-3.85
-6.4	6.2
9.26	9.14
-4.1	-2.14
2.65	-7.83
-6.49	9.41
-4.51	-7.61
-6.23	-7.28
8.71	-1.25
-3.59	-0.29
-8.95	7.99
6.75	-8.15
-5.3	-0.75
-2.26	-3.74
-7.05	-0.17
-7.5	-2.35
3.21	-8.69
8.97	4.17
3.81	1.06
8.29	-6.11
-9.26	-5.97
3.76	-2.47
3.99	3.38
-3.19	0.64
6.67	4.81
-0.7	2.46
-7.63	-5.79
9.61	2.16
-3.27	-4.62
8.84	-7.34
-2.2	2.76
1.22	-4.9
9.6	5.55
0.72	5.63
5.41	-3.76
-9.83	-7.55
-8.02	-3.75
-7.18	-7.73
8.81	0.5
7.08	-9.74
-3.03	8.4
5.16	-4.57
8.42	2.53
8.81	-6.49
-4.08	2.6
7.92	4.05
7.07	3.75
-7.61	9.85
-2.02	-9.14
-5.38	-2.78
-0.42	-9.62
4.5	-0.51
2.48	-1.35
3.13	-0.16
5.16	4.01
-9.95	-0.24
1.8	2.82
7.71	9.02
-9.07	-4.45
-8.88	-5.55
6.81	-0.01
9.53	9.49
-9.49	0.76
9.16	4.11
1.34	-0.09
6.41	-9.27
1.58	-6.27
1.23	2.64
-4.28	5.51
0.89	9.61
-3.13	-0.14
-2.77	8.16
0.71	8.29
2.27	-2.09
3.65	-7.44
2.81	6.76
-7.08	-2.95
8.6	3.37
4.1	-8.62
9.72	2.57
-9.27	-0.18
-3.89	6.95
-7.46	-4.47
8.9	4.13
-9.7	0.5
3.9	-7.14
-2.95	4.01
8.51	-5.26
-2.95	4.8
7.16	-3.08
-2.73	6.98
4.27	8.91
0.52	-9.15
7.54	5.12
-0.7	-7.88
7.55	-4.88
-2	-7.25
-5.48	-3.13
-2.6	-8.04
7.83	-3.35
-2.92	5.56
-2.15	-6.46
9.35	2.47
-7.1	-6.99
-2.91	-5.53
8.81	5.78
-7.59	1.4
-4.78	3.25
6.25	-3.51
-0.77	-7.59
-5.76	8.2
2.41	-9.54
0.98	9.53
-6.11	6.28
-2.48	5.51
0.11	-5.14
5.6	-0.87
-4.47	0.48
-1.3	-3.63
1.32	8.09
-0.41	8.63
5.93	5.36
-9.12	5.43
-6.42	2.37
0.76	-4.7
5.08	9.71
-0.25	1.61
8.89	8.25
1.62	-1.48
6.73	-8.93
-7.24	-5.92
3.66	-3.27
-4.99	7.36
-0.16	6.59
3.32	3.21
-9.98	7.5
-3.34	5.08
-8.84	3.29
1.47	8.29
-2.32	-2.71
-7.26	-1.9
-9.53	-8.03
-0.52	9.26
-0.56	-4.94
-1.58	-7.55
3.63	5.27
2.77	-9.96
-2.25	-9.33
0.01	3.55
5.86	2.58
1.27	-9.21
-1.02	9.35
5.94	5.33
0.63	2.19
-7.56	-7.02
8.56	-0.03
2.26	-8.19
-6.38	5.4
-8.49	7.4
1.98	6.74
-4.73	-2.08
8.41	-8.89
1.33	7.16
-7.52	-3.51
-1.03	-3.45
9.59	2.32
-3.79	9.48
5.86	-7.7
9.15	-2.24
0.93	0.42
7.76	-9.91
8.5	7.01
2.69	4.65
-3.87	-1.71
-5.3	2.04
5.01	9.64
1.11	3.03
2.5	-3.04
9.08	9.95
-6.44	-1.28
0.47	-2.29
-4.82	4.96
5.69	-2.15
-0.09	6.21
-2.74	1.36
-4.83	-6.04
0.15	-9.19
-9.76	6.8
6.53	6.42
-7.95	7.2
-7.64	3.29
-6.97	8.2
-1.74	7.14
4.56	9.95
-3.54	-8.78
5.26	-3.52
-0.07	0.84
-5.38	6.63
-2.25	1.61
7.45	8.74
6.87	7.53
-4.06	5.05
0.57	-6.69
0.18	3.4
3.29	0.19
3.23	-5.95
-5.8	-6.26
8.55	-1.4
1.33	-3.36
-0.09	-9.97
-2.31	-2.57
3.12	1.33
-7.14	-6.66
6.27	-7.41
1.29	0.35
7.04	-9.07
-9.96	8.16
8.27	-7.73
0.26	-9.97
-1.6	8.18
-6.48	8.54
-9.93	-9.81
-3.37	-3.09
7.86	4.98
8.39	-3.21
2.16	1.99
1.63	-0.42
-5.95	-4.85
-2.07	-3.51
3.97	-5.04
1.16	-9.93
8.64	-6.28
-7.02	-9.08
-4.97	8.33
6.47	-3.48
9.33	7.67
3	6.64
3.11	2.51
0.46	-4.71
-7.37	-1.9
-8.2	-7.53
4.47	-0.05
-6.55	8.42
-6.06	-0.78
1.25	4.78
-5.66	-5.44
-3.27	1.93
-1.84	1.75
6.91	6.12
9.18	-3.77
-6.68	2.05
-6.61	7.13
-0.9	-9.28
4.68	-5.05
-4.41	1.56
-7.01	8.78
-5.39	1.94
-4.64	1.1
9.6	-4.77
-2.62	1.84
9.45	1.3
4.69	0.16
6.83	5.57
-4.21	7.06
7.67	-5.68
-4.83	7.8
1.67	-0.2
2.74	7.88
8.91	8.33
-2.38	9.06
4.23	-3.51
-0.73	3.51
1.4	-2.68
-9.78	-6.94
-0.57	0.32
2.22	8.92
5.34	7.97
8.87	-2.37
8.7	-1
-8.44	8.52
-8.88	-2.21
7.19	-3.22
-6.09	-7.56
6.84	2.24
-3.77	8.32
0.43	2.6
-2.73	3.98
8.65	-7.31
-7.58	1.84
1.71	3.07
-5.04	1.38
2.65	-5.76
-9.16	0.28
8.39	1.35
-7.01	7.6
8.07	3.86
9.67	-9.75
-6.32	0.89
-0.73	2.74
-4.67	0.8
-2.36	-7.75
-7.96	-0.14
-4.18	-2.95
-0.28	-1.29
-1.18	2.08
-0.81	1.36
-5.21	0.63
-2.2	3.9
-4.92	3.15
-5.49	5.86
-5.01	6.09
2.17	-0.09
-1.54	-6.47
-2.95	3.92
-9.14	0.38
-6.56	-2.94
-9.96	6.48
3.38	9.1
-8.52	-2.8
-7.71	5.08
3.89	6.72
-2.29	-7.63
0.57	-2.35
-7.17	7.27
-7.38	-5.31
7.58	-4.23
9.37	-9.85
-0.63	1.61
9.82	-3.07
4.59	-3.48
-9.17	-8.27
6.6	-4.68
6.94	-4.25
-8.73	-1.64
9.04	-3.08
8.81	-0.37
8.18	1.29
-6.48	-4.38
3.58	8.32
-6.51	5.05
5.14	2.87
3.78	1.79
0.7	4.99
-8.2	5.93
-8.45	-2.34
-5.76	6.85
-5.01	-3.43
6.39	-9.21
-9.67	-5.34
7.7	2.35
-9.38	0.4
2.22	-8.81
-3.66	6.48
-2.99	-9.15
-7.92	3.5
4.44	0.14
-5.66	-9.56
0.14	9.98
-2.77	-3.03
-4	3.38
-6.89	-4.19
3.57	-9.61
-7.09	-2.85
5.44	-9.37
5.37	-8.41
1.65	-1.34
-3.14	1.76
1.68	-3.35
0.73	-4.79
-0.42	9.01
8.07	5.68
-7.14	-1.98
-7.09	9.97
0.67	8.61
0.05	8.59
4.62	1.04
3.88	9.95
-0.39	-9.91
0.8	-2.58
-1.82	-8.14
-2.5	-4.79
-6.02	2.55
0.53	-9.88
-9.43	-3.09
3.02	-9.41
6.93	-1.22
-8.55	-3.5
6.6	-2.27
-8.02	2.89
7.61	4.44
5.56	-7.16
8.07	0.07
-7.48	2.2
-6.82	-4.35
9.35	-8.83
-5.26	3.05
-6.59	4.91
-4.59	-3.81
5.04	8.09
9.99	-2.88
-0.19	6.48
5.22	3.73
-4.76	-5.04
-0.33	1.39
-8.64	-3.03
7.76	7.46
-4.15	7.77
2.83	-2.02
-8.97	0.4
-2.33	1.22
-2.95	-5.86
-2.1	0.47
5.85	0.38
0.88	8.94
-4.98	6.41
8.82	3.91
7.89	-1.18
-8.94	8.99
-3.05	2.1
-9.62	4.16
-5.64	-5.44
6.68	2.9
-4.07	-9.41
-8.83	3.2
-9.03	8.52
-1.23	0.11
-8.3	-3.35
-3.56	-6.08
-3.85	-2.22
-2.48	-5.37
-5.82	5.24
6.87	6.27
2.12	-5.83
-7.41	4.26
-8.88	6.02
9.09	1.25
8.96	-5.24
2.18	2.29
1.51	1.16
-6.43	7.25
-2	2.17
-3.54	-6.95
3.21	0.1
6.12	5.28
4.4	6.45
-7.53	1.22
8.25	-4.26
9.41	3.15
8.68	-6.55
-6.18	8.44
-2.16	4.24
-4.35	-1.96
-9.33	-5.24
9.07	-3.22
1.15	-9.29
-4.94	-0.64
-6.66	-8.03
-8.95	-3.14
7.36	-9.86
-9.81	0.15
-8.34	-6.42
-8.93	-8.51
-3.63	-6.04
-4.71	7.64
-7.76	-9.49
5.64	3.26
-9.07	5.04
4.2	-4.07
-1.42	-3.05
-8.22	7.51
7.61	-0.5
5.92	-6.69
9.62	3.35
-6.44	4.78
-7.09	3.97
-4.96	7.59
1.21	0.91
-9.34	-4.29
0.52	8.36
-5.85	-4.45
-4.21	7.98
-3.88	-4.16
1.18	3.74
-3.02	2.78
-4.48	5.83
7.16	5.55
7.49	-7.25
6.97	9.18
1.53	-3.27
1.19	8.95
1.46	9.45
-1.7	-7.55
-1.41	5.46
-0.92	9.29
-0.73	-2.8
-4.9	9.46
4.73	-1.61
5.89	-5.84
6	-9.05
-5.8	-9.19
-3.5	1.67
-0.88	-7.66
1.66	-0.63
-9.73	-1.05
9.89	8.27
0.14	-2.92
-4.25	0.53
-1.73	-7.44
1.47	-7.71
2.25	-7.66
-6.25	3.99
2.42	5
3.78	5.91
-3.93	0.61
3.99	-6.88
7.85	-0.76
-4.64	-6.44
2.57	-3.91
4.39	1.96
-5.65	7.14
0.28	7.69
-4.16	-4.35
3.24	8.1
-2.23	-3.09
3.8	4.79
7.23	-2.4
2.78	-8.18
8.09	-7.93
-7.49	7.99
9.78	-4.63
6.26	7.08
5.23	-6.24
5.03	6.09
-5.31	2.93
7.63	3.08
-0.35	5.12
-3.11	-6.78
8.23	-8.53
3.06	-5.63
-0.59	-0.2
1.7	-7.37
-1.49	1.1
-8.27	-0.47
5.53	-9.32
-0.04	-7.01
1.26	-5.97
-3.25	4.81
-7.6	-1.26
6.28	6.37
1.4	8.1
4.36	8.02
-5.03	7.94
-4.78	-5.04
2.41	-9.15
-1.86	-8.77
2.4	8.76
8.94	-2.94
-7.69	-0.25
4.97	-5.15
-8.21	-9.34
0.24	5.94
-8.96	-5.69
7.28	5.25
-6.4	5.84
-0.81	-4.19
9.67	-0.04
8.09	6.44
3.35	8.25
-3.25	-0.35
8.87	-7.51
4.54	6.46
3.31	-1.88
-6.78	4.81
-9.04	0.06
4.72	7.9
-4.98	-3.57
-7.96	7.18
6.56	3.43
9.92	7.02
-6.12	-2.17
-0.95	0.1
-1	-4.93
-9.11	1.01
3.22	9.61
5.74	-2.51
9.1	-8.17
6.44	4.18
5.58	-3.5
0.81	-8.05
-4.12	6.43
-9.17	-3.72
7.48	4.3
9.93	7.07
8.43	-5.13
-7.73	-1.24
-9.07	-7.72
7.07	-7.96
1.73	8.83
-9.67	-7.28
-9.21	-6.44
-4.37	3.55
3.32	7.52
-3.03	5.5
-8.14	5.91
-6.9	1.29
-9.86	3.45
-4.39	-7.42
1.46	2.49
-4.44	-1.95
5.94	-3.04
-3.96	5.12
-8.29	5.88
-9.36	-4.73
-9.45	-1.31
8.42	-8.52
-0.96	0.73
8.66	-4.1
-0.57	2.24
0.15	-3.49
6.46	-7.79
4.3	-6.42
8.49	-6.34
-7.62	1.41
8.58	8.31
-7.43	1.81
4.51	5.78
-3.73	-5.82
-2.59	-7.28
-9.56	9.37
5.23	-1.46
0.91	-6.26
-0.74	2.75
0.4	7.43
-6.42	1.35
-2.15	-6.69
-7.42	-5.05
-7.08	4.21
9.49	2.09
-8.01	2.08
5.71	7.6
-2.87	-0.57
-3.74	6.05
1.93	-0.1
2.75	2.6
9.67	3.35
-2.29	-0.15
-4.22	-7.95
-6.93	-5.82
-0.35	-1.26
-5.66	-3.6
-2.58	2.51
3.04	-6.79
-7.86	1.59
1.1	-2.95
-5.65	6.79
2.14	4.63
-5.97	-2.21
8.77	-8.52
-6.97	8.5
-3.52	-5.52
-3.7	-2.03
-4.09	5.21
-5.88	2.39
-7.01	7.05
0.8	0.15
2.26	-5.31
-4.87	-6.33
9.98	-5.34
2.83	-9.8
0.31	-1.24
-8.64	8.34
-0.46	-3.25
-2.95	0.3
0.64	7.09
-8.82	8.84
1.13	8.24
9.48	4.51
-7.56	-2.45
6.77	-0.45
3.06	-8.98
-9.34	-2.51
5.94	2.45
6.16	5.69
3.85	-8.54
-1.4	8.06
4.99	-3.02
-6.87	-7.52
-0.61	-9.36
-3.45	8.57
-2.1	-3.4
1.27	-7.66
8.9	8.08
-6.13	-8.32
-4.47	-8.73
4.15	2.27
-2.9	0.32
8.56	-5.26
4.51	-4
-5.24	-4.26
-2.16	-2.16
-4.27	2.47
0.95	-9.81
-2.56	-7.76
-5.87	4.64
3.82	-1.96
-1.86	-9.39
-1.71	1.56
-8.41	0.2
-4.85	-3.54
-8.33	1.36
1.69	7.06
3.58	-8.01
-5.61	-6.81
0.28	-0.73
-4.78	2.31
1.92	2.64
4.68	0.63
-1.29	7.13
-1.8	2.02
-5.74	0.09
6.62	2.18
0.28	4.11
0.91	2.59
3.96	-3
-5.2	2.06
-9.26	-7.54
-8.7	-8.31
-5.38	6.99
-1.66	4.79
4.35	-2.31
8.82	-3.59
-9.67	-9.95
-2.63	-6
1.69	0.59
8.56	-5.16
-1.89	-5.34
9	-4.4
-6.67	2.88
0.76	4.32
-9.67	-5.1
4.88	-3.81
9.41	-4.99
0.74	-0.18
-3.28	1.28
4.71	-7.76
-0.24	-5.08
-3.47	8.34
-3.05	-5.86
6.84	3.31
-8.83	-0.9
9.59	8.45
-3.37	0.4
1	7.24
-0.37	3.64
8.3	-3.22
-1.21	-2.35
0.96	5.86
-1.54	-5.56
5.43	2.56
8.92	-1.55
-9.73	6.65
-2.86	-4.83
4.1	-5.62
9.79	7.81
-6.07	-7.95
7.63	-8.87
-0.3	-3.5
9.3	6.33
-2.81	-0.05
-2.41	4.22
-2.96	2.9
-2.92	4.66
-8.83	-7.89
-8.63	-0.38
-9.25	-2.67
2.74	-2.07
-2.91	3.64
8.15	2.94
-2.26	-4.63
-3.68	6.46
8.01	9.19
7.05	-9.15
1.24	7.61
9.15	4.81
-6.84	5.62
-4.69	7.32
0.42	-3.7
-7.16	3.11
-5.46	4.2
1.2	-1.42
4.74	5.73
-1.43	-2.55
8.09	6.03
4.08	-9.01
-4.28	-3.75
-8.54	-8.89
-9.44	-9.83
-2.6	3.8
-7.66	1.43
4.94	-9.95
1.75	7.73
4.42	3.49
6.17	-2.56
-3.04	-7.14
-4.47	8.39
-9.45	-2.21
-2.01	0.82
5.36	-7.11
-6.7	-4.92
-3.11	8.15
4.39	-5.36
-0.96	-1.9
-1.26	-1.9
-4.17	-7.64
0.46	9.41
5.54	3.66
-5.54	5.31
-0.01	8.59
8.37	9.42
3.97	3.71
-7.27	3.03
-3.35	3.78
2.14	2.35
8.78	-4.29
-0.21	-2.66
-3.25	7.48
-1.55	4.42
-4.17	-5.55
5.4	-6.91
4.1	-9.01
-2.58	-1.53
7.55	-0.09
-8.62	-0.08
3.19	6.39
-1.17	-0.65
3.81	-7.74
9.81	-8.81
5.54	0.1
-7.4	-9.72
-6.91	-1.21
-6.55	7.56
-8.1	7.68
-7.3	-7.42
2.38	5.1
-6.92	5.59
-1.82	-8.39
-2.95	-1.42
4.35	-0.81
-3.7	-7.87
5.18	-4.74
-9.41	1.86
3.84	-6.47
-5.63	9.12
-1.32	-8.15
4.23	-7.41
3.84	-4.73
-3.26	-1.69
-1.71	-1.38
9.23	-8.54
-3.95	5.87
-0.94	5.74
1.55	8.17
-9.71	5.05
-7.76	-0.89
-6.13	0.5
5.77	0.08
-0.49	-8.84
2.47	-7.83
8.46	0.38
-9.94	8.4
-9.61	-1.49
-1.36	2.15
-5.82	-0.16
-5.35	-5.91
-5.62	1.8
2.91	4.26
6.43	8.2
-1.8	-9.23
-1.55	-2.77
-9.48	1.01
-4.98	-6.35
-6.23	5.55
-6.95	-5.18
-5.5	-8.72
7.65	-2.08
9.29	-8.71
-7.39	-5.77
-1.55	8.56
-7.9	9.68
-8.43	4.89
4.68	5.9
1.18	-2.54
-4.54	-6.4
-7.05	1.88
-7.2	8.98
3.16	-6.21
3.13	1.35
-2.66	-4.27
-7.5	-6.12
-6.13	2.72
9.56	5.12
-8.1	-8.61
2.16	7.47
-0.44	5.54
4.79	2.14
9.64	6.22
-4.26	3.83
8.62	7.03
-1.28	3.61
1.66	-9.37
-7.79	-0.55
-1.59	0.76
8.45	-9.06
-8.45	-6.67
-9.59	8.81
-5.46	6.43
4.08	8.73
1.13	-0.97
0.53	-3.81
-3.7	-2.51
0.07	1.06
5.55	0.83
1.17	-2.77
-1.1	2.78
-2.26	-7.94
-7.82	-3.64
0.39	9.63
-5.37	-9.64
7.74	-5.8
0.65	9.75
-10	9.26
3.94	2.92
2.52	-0.37
6.82	9.96
-6.95	0.4
8.06	1.83
6.86	3.52
-7.96	-5.58
-6.43	-6.9
-4.09	-8.43
-1.95	-4.7
-5.85	-6.25
2.26	2.02
4.84	-3.71
7.23	-7.54
-1.66	-5.58
7.67	-4.81
8.3	1.93
6.21	-0.14
-7.88	1.91
-4.56	8.66
9.08	-3.87
-5.6	7.27
1.03	-8.21
-4.1	2.16
5.02	-4.29
-2.46	-2.96
-6	0.05
5.38	6.38
-4.53	-5.84
5.41	8.89
-8.2	2.28
6.4	-8.81
2.14	-0.24
-7.75	2.92
-6.37	5.06
8.42	-6.05
5.64	1.02
1.59	-6.81
-2.51	-7.54
-3.72	-1.68
1.47	-5.72
9.28	8.8
8.81	9.43
-8.58	0.57
7.46	6.38
6.74	-7.16
-5.02	-6.17
3.6	-8.13
4.23	-3.9
-5.53	-5.46
2.03	-3.86
6.28	-9.48
3.44	6.28
1.69	4.73
0.55	-2.74
6.27	7.58
9.68	-6.14
5.14	-3.03
8.32	-7.98
8.41	-9.94
4.56	2.86
-8.23	0.45
6.15	-4.49
2.41	-5.02
8.48	-1.39
-6.72	1.17
4.12	-3.39
-0.92	9.56
-6.37	2.5
-6.49	9.77
4.14	-1.41
-5	1.34
-6.8	8.2
6.24	-8.94
-3.77	9.45
6.55	6.47
3.09	-0.26
8.05	-1.79
9.19	9.42
-2.45	2.37
2.85	9.88
-9.86	1.89
-0.88	4.95
7.13	-4.74
9.23	-0.71
-5.77	-9.92
2.64	6.96
8.39	6.97
-7.97	-9.87
-9.71	-7.82
3.35	-0.53
-6.87	-8.82
-4	-9.84
0.32	6.7
9.01	-2.81
8.69	3.42
6.15	-8.36
6.31	-7.75
-6.5	-1.25
-8.06	-6.21
-6.67	-6.92
5.71	7.53
-4.97	-0.96
5.68	-7.4
6.55	-6.21
-6.25	-9.78
4.16	5.97
3.38	-0.71
-4.9	-1.18
0.98	-2.9
0.77	-9.02
4.03	-6.8
-2.89	-1.59
8.88	4.93
4.57	0.34
5.4	5.88
-9.83	6.24
-0.39	-2.83
-4.61	5.32
-1.38	9.33
-6.87	4.11
3.52	-2.42
-3.64	5.75
3.44	6.35
-1.75	0.71
6.89	-0.61
-8.51	1.26
9.68	4.94
-0.05	-0.27
1.59	6.43
6.68	-0.47
3.79	3.68
3.52	9.55
-6.45	2.61
8.71	-5.87
8.44	-7.96
-3.13	6.69
8.86	7.74
-7.15	5
-0.5	-1.77
6.75	5.3
2.08	8.16
-3.82	-4.34
-6.8	-9.75
3.55	3.39
-3.22	-9.92
5.17	1.16
7.64	8.65
6.87	-4.02
1.35	0.04
7.83	-4.73
9.25	-2.99
1.55	1.82
-3.25	-4.67
-5.99	6.59
-1.84	-6.53
9.13	8.8
4.4	4.58
4.53	-7.55
-8.53	0.05
-7.39	9.88
-1.48	-6.54
-8.86	3.75
3.52	-5.55
-0.44	-5.82
-4.13	-5.95
-6.34	-4.45
9.85	8.03
9.59	3.04
6.83	-1.42
9.3	-4.66
5.64	3.31
-4.98	8.11
-8.25	2.11
-0.65	4.73
-5.79	6.35
4.74	6.58
1.55	-7.2
-1.91	7.13
9.33	0.34
-0.09	9.88
8.65	-4.95
-8.22	-2.19
8.8	0.73
-1.29	-1.69
2.21	4.4
-3.94	4.12
-2.82	-8.56
9.48	6.14
0.25	8.48
-3.04	-4.38
3.98	3.8
7.13	-2.96
1.22	-6.57
-0.93	-8.91
9.94	-1.6
2.48	1.02
-5.89	-5.75
-6.36	-0.65
4.83	-2.36
7.97	7
-7.37	-4.19
-1.25	-3.29
9.71	8.65
3.86	2.5
-9.31	8.8
8	9.39
-3.87	4.02
-6.68	8.13
-3.42	-0.97
4.99	0.21
7.48	7.97
-5.22	-0.3
-6.51	-7.69
-8.39	9.43
-1.78	-3.15
-6.4	-3.57
1.75	7.56
6.03	1.83
9.18	7.15
6.88	-4.94
8.09	3.63
-5.87	7.08
0.13	-2.66
0.7	-9.62
-9.68	6.55
1.04	1.96
4.44	-6.87
3.57	1.05
-6.04	5.1
-1.61	0.9
-1.62	9.14
0.48	3.15
-4.67	-6.7
-2.97	-9.16
0.19	-9.14
-9	-4.49
1.02	-4.39
-2.27	-0.51
-5.75	-7.52
8.91	-0.25
9.23	-1.85
-8.63	-0.18
4.13	2.56
1.48	-3.37
3.02	-2.1
-2.09	3.6
2.69	-6.95
7.03	-9.33
4.79	7.94
-9.15	-7.2
2.14	-5.45
5.53	-8.58
-4.27	-4.9
-4.09	-1.4
-0.19	9.2
-7.74	2.23
9.36	-1.03
7.44	5.34
-9.71	6.41
0.17	9.76
-7.37	-9.78
2.41	9.14
-8.64	-8.19
4.23	1.34
2.84	5.5
7.92	5.78
1.55	7.26
0.28	5.38
-7.34	-1.26
6.86	-1.83
5.89	6.16
3.13	9.27
6.34	-6.91
-2.07	7.1
8.17	-1.95
6.76	6.79
-3.83	-0.22
-8.35	0.4
-1.17	8.43
5.65	9.73
-6.48	9.59
2.86	7.15
4.47	5.14
-2.77	-2.81
0.72	2.96
1.18	8.15
-4.81	2.67
7.28	3.39
9.04	9.4
-4.23	-4.27
-7.11	8.65
7.23	9.67
2.68	6.57
-3.92	6.69
-9.34	-9.83
3.54	-6.69
-4.87	-6.23
5.39	-5.21
8.12	-8.97
3.99	5.15
4.31	2.59
-3.18	-8.68
-2.56	-9.82
4.51	7.36
-8.89	-7.71
-8.48	0.11
-3.64	-3.6
0.6	2.56
-4.56	3.64
5.16	-9.59
3.05	-8.26
9.63	1.19
-2.14	6.82
-2.63	-9.88
-6.3	-0.36
8.79	-7.53
-2.54	-9.45
-8.62	-4.89
-8.03	-7.93
-6.46	-7.52
-1.08	3.7
-7.07	-0.63
-0.41	-9.43
9.39	8.18
-2.02	5.32
-7.93	3.25
-1.61	-7.74
-5.91	4.96
0.87	-1.85
-9.63	2.12
-9.19	-9.28
-3.02	-1.24
-2.45	-4.71
-2.8	2.13
3.25	4.5
8.58	-8.05
-6.09	-1.92
2.24	9.87
-7.28	-7.08
5.68	-3.16
2.41	7.19
-6.29	1.47
7.9	-6.31
-9.52	-8.52
-9.59	7.08
-9.82	-4.41
-1.36	-3.77
4.07	9.15
6.71	3.71
-6.99	6.7
4.58	-8.93
-0.59	7.36
-6.74	-8.01
-9.77	-0.17
0.3	-6.08
8.08	1.04
0.83	3.97
-9.6	3.14
0.37	0.16
-6.34	-0.86
3.04	1.88
7.86	5.59
-5	-7.1
-6.39	3.43
-6.49	-1.06
9.39	1.43
-4.94	3.25
0.13	-5
-1.21	0.1
5.28	-9.08
3.25	1.02
5.76	-6.92
5.41	-2.54
1.57	-0.33
6.51	-9.42
-0.51	-8.79
-7.41	7.61
-9.73	-8.02
-5.69	9.62
-5.84	-7.12
-1	5.16
-8.76	-6.05
8.06	0.89
-7.97	-8.41
-3.25	6.24
5.28	-7.5
-4.86	9.47
9.46	6.09
5.41	-3.64
-7.76	0.13
9.1	-9.28
3.76	7.81
5.85	8.27
-3.04	5.52
4.11	2.02
3.86	7.72
-2.3	-6.81
-7.23	7.92
-1.73	1.51
0.83	4.34
-3.45	-6.12
-8.68	3.73
-8.27	-3.89
4.06	6.35
-9.91	3.37
6	-2.12
0.76	5.72
-2.25	-9.37
6.9	7
7.76	-9.92
8.11	2.62
-7.12	-8.89
5.62	5.37
1.39	0.69
6.29	1.84
3.54	0.67
-8.19	-9.29
9.61	-1.86
6.07	-4.95
-1.02	9.74
0.42	-2.2
-3.31	-3.73
6.76	3.89
-4.4	-3.73
2.84	-4.04
-4.38	3.42
7.66	5.7
3.19	-3.6
0.28	-5
8.74	-1.18
0.42	-3.69
7.41	-9.34
5.68	-6.68
2.45	5.84
9.84	-6.12
-1.32	-4.33
7.74	7.55
-1.82	3.36
-0.28	1.29
8.14	9.84
-3	-5.57
7.14	-2.72
8.3	1.29
-8.15	-5.01
9.78	4.88
-0.35	-3.04
-8.67	-2.79
-6.59	1.14
-1.15	-9.96
-3.17	-8.23
-9.1	9.47
-6.59	8.28
-5.74	-1.79
9.09	6.96
-3.74	8.23
-3.96	-9.82
-3.39	-5.38
1.51	2.95
-5.63	1.26
-5.15	7.07
5.81	1.46
-7.32	7.02
0.08	1.79
7.86	-1.18
3.73	2.13
-3.95	-9.9
-0.17	1.46
8.36	5.28
-1.21	-1.41
5.88	-7.31
8.06	8.21
-6.13	-8.77
-9.07	-0.83
2.65	-5.63
-3.02	-4.24
4.35	-4.73
1.53	-3.84
-1.19	5.15
-4.66	9.17
4.85	7.34
7.66	-5.46
4.36	-2.33
-9.89	1.04
-4.2	-4.2
-9.89	8.91
-7.8	-1.26
1.86	-7.82
-6.33	-8.33
2.59	-4.23
-6.19	5.94
-5.96	5.27
0.29	-6.76
8.95	8.29
9.69	7.36
-0.38	9.93
-7.89	9.7
-4.84	-9.1
5.04	1.07
-2.49	-8.16
-7.71	-2.49
-6.76	-1.16
5.19	-9.03
2.21	9.84
3.45	1.69
-4.64	8.19
3.58	-2.41
2.47	-1.51
-7.47	1.77
-2.2	6.38
2.69	0.08
-2.14	-6.51
-4.94	-0.07
-2.93	9.52
5.21	-3.03
-7.29	3.63
-9.38	-9.36
6.98	-7.14
2.18	-7.85
-3.35	1.01
6.7	-5.94
2.21	-1.45
-7.63	0.46
-2.81	9.86
-3.31	-10
5.38	2.81
-5.9	2.79
4.53	-0.1
-9.12	9.38
0.38	8.3
8.22	-7.73
-8.2	9.91
9.14	-6.35
5.14	9.75
4.96	-1.28
4.93	-9.25
6.73	-0.85
-1.32	-2.31
6.57	-6.61
1.92	-2.76
-5.92	-6.33
-5.68	5.77
-4.48	-2.45
5.21	0.21
0.19	5.37
-1.65	1.1
-5.27	6.04
-2.98	-0.71
6.64	-7
8.87	7.77
3.25	5.07
-6.63	-3.96
8.55	2.69
-0.36	0.57
4.66	-5.58
-7.6	5.52
3.05	5.29
-6.51	-0.31
0.01	8.32
3.4	1.11
6.13	0.53
-1.58	-1.88
-4.6	6.76
-8.78	3.02
-3.72	8.82
-5.16	9.27
6.15	1.48
9.56	-8.73
-2.22	-7.86
-4.65	-7.12
0.07	7.52
2.17	-4.45
4.94	-3.61
8.92	-5.47
6.38	4
-1.14	9.57
-0.18	9.14
5.44	-6.07
-2.76	7.97
-2.86	2.99
4.47	4.47
-1.67	0.53
5.36	4
-0.13	9.15
-8.25	9.61
6.48	-5.13
-2.19	-8.65
-7.8	-5.69
5.65	7.05
7.93	9.19
8.89	-6.89
-3.82	8.66
-7.43	1.44
8.86	6.18
3.47	-8.37
0.02	4.45
-5.6	-2.02
-5.56	4.79
-4.09	-0.47
-1.39	-6.2
-3.03	7.52
-2.08	0.03
-0.4	-4.92
-0.15	3.57
-6.66	4.83
-9.66	4.49
0.88	-6.47
-0.49	0.42
6.66	9.3
3.28	-0.81
4.19	-1.6
-1.15	-2.96
6.75	-0.87
-7.04	-8.93
7.9	-8.56
8.81	-9.47
7.33	-2.82
-5.11	1.74
3.15	7.04
-8.98	8.67
9.51	-8.56
3.18	8.14
2.33	4.58
-5.44	-5.1
-6.95	-4.52
-3.53	-0.71
4.12	3.75
4.48	0.82
-2.56	-4.51
-9.69	1.28
-6.12	-4.78
-8.81	-7.94
2.25	5.8
-0.86	3.4
-8.05	-8.29
9.27	-6.51
-3.61	-2.41
1.91	9.76
-1.85	5.56
-4.7	8.72
-2.07	7.06
4.34	0.95
-5.66	-5.85
3.5	3.79
6.52	3.29
3.8	1.11
-4.15	6.08
-8.76	-5.08
-5.78	2.64
-6.11	0.2
-1.18	-3.9
-2.45	5.56
4.39	-1.76
-5.63	-1.19
-7.41	-9.63
-4.11	8.95
2.73	-5.05
-5.9	4.83
6.66	3.14
6.4	-5.99
3.57	-5.96
5.88	6.58
2.28	8.16
2.21	-6.46
9.35	-9.43
-4.88	-5.35
9.14	-7.48
1.28	-1.48
-2.37	-5.24
8.26	-7.72
7.41	0.3
-2.15	8.94
7.56	-4.5
0.3	4.52
-5.54	-8.05
6.02	-1.77
-2.24	-5.79
9.42	7.01
9.7	-2.4
-2.95	7.72
7.72	9.39
2.37	0.93
-3.97	-3.16
6.26	8.87
-3.88	-1.46
-4.07	5.3
0.8	-2.82
7.41	-1.25
-3.42	-7.11
-2.42	5.55
-9.83	3.95
-1.44	-1.21
6.43	5.12
6.75	-6.84
8.87	-3.59
-3.75	6.79
3.44	-9.22
6.18	-9.32
-7.66	8.22
-7.13	-9.56
9.29	1.65
5.61	-5.8
-7.88	-7.87
6.75	-4.31
6.24	-9.33
-1.83	-6.75
-1.34	0.41
6.02	-9.76
-2.19	5.13
-8.08	1.29
7.67	-7.97
-9.56	7.23
4.08	-1
-8.54	-10
4.49	3.23
7.68	2.11
-8.74	1.28
-8.04	3.72
1.37	5.89
-8.91	2.9
-8	7.08
7.97	-3.3
9.7	-2.69
4.17	1.6
4.91	-3.78
6.2	-0.02
0.63	2.76
8.16	-9.69
-2.61	2.83
-3.54	6.58
-2.8	-9.44
-5.42	3.25
3.46	-6.81
4.95	8.62
-0.8	7.56
3.26	2.75
-1	-8.28
-4.34	5.15
-1.27	1.64
-4.01	-3.17
-6.28	7.87
4.32	-2.21
3.2	2.41
5.14	9.69
-6.83	9.48
2.46	6.32
-9.84	-4.23
-6.84	-4.3
-2.44	-3.66
6.47	-5.97
-4.92	-6.85
-9.59	-7.05
9.6	-8.17
4.14	9.61
1.19	4.9
4.35	-6.65
7.85	3.97
-6.55	2.08
-2.88	3.6
-6.65	-1.09
-9.02	7.09
-0.23	-7.3
-3.16	8.69
-2.34	-8.75
-5.4	-9.13
-9.33	-8.51
0.63	5.2
4.36	-3.07
1.2	5.76
7.57	-1.6
-1.1	9.19
9.42	5.71
-3.72	6.9
-4.38	2.14
-3.57	5.72
-7.92	-2.74
-3.83	-7.14
7.19	-7.65
8.09	9.16
-9.85	-3.25
-4.6	-4.03
2.12	-5.11
-1.2	7.73
-4.82	1.2
0.89	-6.03
-9.99	-8.54
6.1	-6.54
2.08	-7.47
-6.26	-4.46
-5.36	0.08
-8.09	7.59
-8.15	2.97
-9.04	-9.68
-2.71	-7.86
2.29	-0.42
-3.65	4.65
6.87	-2.85
0.17	3.59
4.88	8.42
4.85	0.25
-5.04	-8.26
-7.33	-4.64
-5.87	1.11
-5.05	-5.79
4.87	4.63
6.5	-0.35
-4.71	3.72
1.88	-1.99
-3.17	1.77
-3.37	1.37
-6.01	-5.83
-1.67	-7.84
2.11	-9.55
0.96	1.47
3.6	6.28
-9.73	-7.6
-0.85	8.84
6.38	-0.59
3.63	-6.88
6.87	-1.88
-0.18	5.08
4.68	3.18
5.51	9.7
-4.93	-9.21
4.34	-4.82
2.08	5.39
-6.27	-4.13
-2.39	0.99
1.24	7.28
2.64	-5.58
-2.32	2.8
-8.06	-7.67
-0.64	-4.99
-4.06	5.94
3.42	8.16
-4.95	6.31
2.05	-8.12
2.55	-2.82
3.68	-2.88
-1.26	-2.18
0.8	1.17
-6.06	1.49
-1.84	-1.38
3.02	-0.99
-0.38	-5.57
-5.1	3.15
7.95	-7.28
-9.39	-9.94
8.06	5
2.12	-1.35
-0.14	-0.43
5.77	-5.9
-1.1	7.69
5.36	-7.09
5.38	1.39
-1.76	3.17
-0.48	-4.76
-3.77	6.76
9.22	6.44
8.52	-0.6
-5.63	-5.32
-4.96	-3.95
-2.71	-8.57
-9.29	3.54
4.75	-2.33
-0.13	-3.79
5.21	-2.77
2.35	5.42
-9.28	6.74
-2.33	6.47
-6.65	9.18
8.94	5.15
2.49	-8.39
2.34	-4.93
-9.97	-1.09
-5.53	6.64
-9.65	2.38
-9.09	8.66
9.44	4.87
9.76	9.47
-6.5	9.53
-9.36	-9.55
8.96	-1.78
-9.07	-2.42
9.36	-8.32
6.02	-0.78
-8.04	8.6
-1.46	-1.03
8.22	-2.95
2.75	-6.27
3.26	-9.11
4.72	7.26
4.32	8.44
-7.06	-8.76
7.9	-4.42
2.94	2.24
-3.34	2.3
-2.57	6.63
7.76	8.33
-7.99	9.84
8.46	7.47
6.42	0.35
6.22	-3.82
-5.22	-1.46
-6.7	-2.45
-0.53	-9.95
0.12	9.79
6.15	2.84
-4.29	8.89
5.26	5.31
-2.78	-0.19
-3.53	-1.55
7.89	-9.8
1.6	2.85
-9.76	-6.84
7.94	7.93
-3.51	1.47
2.41	4.98
8.87	9.77
3.41	7.02
-4.1	1.98
-5.36	0.66
-2.02	-7.28
8.12	-8.92
-1.46	-1.16
-5.82	4.16
-8.61	4.81
8.1	2.28
-3.15	6.26
-8.63	-5.95
2.65	6.01
5.98	-2.4
-6.49	5.37
-0.23	-6.69
4.56	-1.86
2.42	8.13
-0.68	-4.38
8.78	3.88
-3.28	9.52
8.33	7.57
-1.53	4.28
-8.21	4.83
0.76	7.91
3.96	7.68
-1.79	9.61
5.96	7.42
-1.25	-9.94
-3.02	4.13
-4.2	-1.58
9.7	5.83
9.43	8.91
-9.36	9.2
-1.06	-1.05
-3.7	9.26
1.71	-5.78
-2.61	9.66
-2.39	-5.44
-9.06	-0.54
-2.28	-5.91
6.81	0.92
6.11	9.58
-5.92	4.07
0.75	-9.9
-3.32	2.98
-2.62	-2.36
-9.73	-3.34
7.25	-7.6
-9.59	9.02
8.25	3.27
7.4	9.76
-7.84	-6.86
-9.1	-1.54
6.87	3.15
1.73	3.97
-0.63	7.16
-3.49	-1.01
-3.83	-1.15
-9.62	-8.97
-0.98	6.69
-8.49	-3.12
1.37	7.52
-9.48	3.05
-2.73	-8.67
6.72	-7.83
3.37	-6.25
2.44	2.31
-2.28	9.49
-3.71	9.97
6.75	5.36
-5.11	2.92
-7.39	0.4
-6.12	-4.87
-6.84	5.15
6.2	8.59
-8.08	7.28
-5.46	4.67
-4.85	3.94
1.48	-7.49
9.77	-2.63
-6.47	8.69
-0.11	1.38
6.96	2.09
3.21	7.14
-0.92	6.88
-7.87	6.09
-2.04	-1.28
8.58	-3.83
6.7	0.59
6.65	-6.84
-9.36	8.46
1.68	0.93
3.11	8.47
4.83	8.61
-0.19	-8.8
-1.13	-1.84
-8.18	-2.02
-0.75	8.5
-1.57	4.18
-6.79	2.51
2.75	1.21
1.47	-9.09
-3.28	-5.67
-7.01	-0.49
9.65	-9.39
0.16	-2.07
-3.83	5.09
3.98	-3.93
1.74	-2.64
-1.65	-7.35
2.75	4.62
-2.69	4.53
5	-4.26
-9.32	5.62
3.7	8.09
-5.13	2.51
9.88	5.91
4.1	-3.87
9.52	3.2
4.87	-5.47
1.3	-6.84
-7.39	-0.82
-1.74	1.85
-8.42	-5
-5.72	-5.33
-3.97	2.08
3.79	8.64
-4.13	-5.35
2.49	-0.57
8.85	4.29
5.79	-3.15
1.25	4.28
3.91	0.21
8.1	-4.78
-4.07	1.46
6.08	-0.62
1.99	-8.49
6.66	1.96
4.52	3.13
-1.6	-7.84
2.24	5.49
8.54	-6.88
9.06	4.91
9.44	-5.38
-7.03	-9.8
-9.78	6.65
-2.82	-6.45
-8.91	9.43
-4.17	-3.36
-4.42	0.28
-3.44	4.13
-9.3	-9.34
6.79	-5.13
5.15	-6.63
8.21	8.32
9.28	-7.67
0.57	-7.61
-4.2	-9.31
-9.42	-9.92
5.92	-6.53
-1.17	2.28
-1.41	3.03
8.63	-3
5.15	9.15
-8.71	-2.07
2.39	1.84
-7.08	5.42
8.81	4.68
-4.2	-0.69
6.02	-3.15
1.46	-1.19
7	-8.51
-2.3	-0.05
-8.28	0.1
7.04	-0.37
-4.42	-4.6
7.28	1.72
-3.57	8.39
-8.56	-2.06
2.14	-4.94
-5.05	-3.14
3.36	9.09
4.91	6.72
1.2	7.99
1.27	-4.17
0.18	8.73
-6.84	7.47
-3.9	-2.26
-2.01	7.84
3.06	-2.37
7.67	-3.11
9.58	-2.06
5.96	9.37
-3.03	-2.29
0.97	4.95
3.64	-9.35
-8.61	-6.14
0.25	-2.15
-4.25	0.7
4.96	-2.08
7.17	-6.9
-5.57	-9.5
-7.45	-3.92
-3.88	-6.15
9.72	0.45
-0.2	-4.37
-8.66	-1.65
8.25	-9.75
-0.54	-0.88
-0.77	-3.69
-7.51	1.52
-5.85	3.72
2.27	7.11
-3.99	-0.7
1.61	5.12
-0.17	-9.09
0.76	-2.05
-5.39	3.28
-4.96	-0.35
8.56	9.31
-1.26	-9.86
7.26	-0.27
-8.2	0.76
-2.24	-6.28
9.65	0.67
8.9	3.33
7.88	4.91
7.73	-2.87
4.5	-7.38
-6.97	7.02
2.37	-8.22
-9.38	-5.32
-6.02	-9.88
2.81	7.97
7.68	-3.4
0.16	5.08
7.92	-2.6
9.4	-5.69
9.96	3.04
7.56	-3.08
-3.08	7.92
-0.53	-9.63
3.44	0.32
4.03	0.55
-3.52	2.61
-3.29	6.83
-2.03	7.41
8.08	1.83
7.08	3.7
3.2	-4.38
9.33	9.4
-7.26	-0.89
1.45	6.13
-0.13	3.76
8.35	-6.22
-2.18	-9.51
4.25	-8.7
-0.87	-0.11
2.37	7.95
-1.49	-4.9
-4.36	3.12
9.67	-8.87
-7.39	-5.54
-5.64	-9.43
7.67	-0.68
-4.23	-8.11
4.82	4.09
-1.43	-2.2
-5.4	1.78
-3.86	-2.65
-8.18	-6.84
-1.75	-3.3
7.45	4.27
5.92	-5.07
3.89	-0.74
-7.72	-1.27
-9.29	6.78
-0.22	-5.31
-5.65	4.61
-0.42	4.82
7.89	-0.32
9.73	-1.73
-1.05	2
-6.02	3.23
-6.77	-3.2
9.48	-8.11
-0.1	7.65
7.81	-1.5
-3	2.52
6.76	4.7
-0.76	-8.83
-8.39	-2.14
9.48	-3.23
-3.9	-8.19
-8.33	1.94
-7.75	-9.07
-3.69	2.62
7.54	-4.15
-7.25	-2.32
-9.44	-6.67
-9.69	1.39
-7.18	3.55
-3.44	1.02
6.15	7
-0.62	-1.41
-9.91	-0.03
-3.37	7.49
3.85	4.36
-9.37	-3
4.39	-3.71
7.71	8.81
0.09	0.98
8.13	-8.87
-8.39	5.74
-5.74	6.83
9.29	-4.29
9.94	6.02
3.53	-2.29
1.26	0.14
-2.66	7.33
4.62	7.62
-5.02	9.78
4.18	-0.6
-5.74	3.37
1.69	3.71
9.1	-6.59
7.33	3.25
0.04	0.42
-1.76	-1.53
-2.35	-5.05
-6.03	2.09
9.32	-7.98
-0.24	3.09
4.81	9.77
-9.53	1.69
-1.79	-0.91
5.97	0.17
-4.43	-1.69
-8.26	-7.83
-4.25	2.21
2.57	5.83
-3.32	-8.81
-5.8	2.33
-7.5	6.25
-7.89	2.45
0.17	-1.03
1.59	-3.3
-8.8	-2.75
1.23	-9.26
6.14	9.31
7.96	-0.04
8.18	-0.82
7.28	-1.15
-9.91	-2.03
-2.57	9.66
7.49	2.41
6.26	5.28
-5.8	6.59
6.27	5.63
9.23	-2.41
-4.01	5.52
-5.01	3.55
-6.66	-2.33
8.22	-2.81
-4.97	1.03
0.78	-3.97
-4.45	-9.7
3.39	1.59
7.93	3.26
-4.51	4.38
9.1	-1.74
8.31	-1.16
-4.44	-7.32
-1.45	5.74
-2.54	-0.04
-6.93	-4.09
8.24	-5.63
5.43	0.2
-0.15	4.47
2.19	1.62
6.08	3.86
-1.24	1.48
-2.45	-9.85
-1.84	-2.57
1.64	5.12
-5.58	-0.66
-2.08	-8.2
-3.13	-4.6
6.36	4.87
-5.95	3.67
-8.26	0.09
-6.68	-4.26
3.53	-1.25
8.28	1.39
8.72	-4.68
-5.59	2.44
-8.89	4.42
7.97	1.19
-8.65	-9
-4.58	-1.32
-2.16	-2.35
-8.64	4.86
6.88	9.88
6.97	-8.82
-0.77	-6.12
-2.22	-7.89
5.52	-4.37
7.63	-1.98
-5.31	4.14
-5.97	-9.3
-5.5	-2.97
8.22	5.79
-0.09	5.7
2.02	-9.62
-9.68	-2
-4.57	-8.64
-3.27	-7.82
1.53	-0.65
3.61	-4.95
6.32	-3.86
-4.47	7.36
-0.62	6.08
4.74	-1.42
7.23	-4.56
-0.73	5.56
7.52	0.26
8.27	5.96
-8.95	-9.31
9.47	2.34
-5.38	-3.58
-1.77	-3.38
-1.57	2
3.53	-0.04
-5.9	5.3
3.15	3.65
-3.75	9.29
3.22	-8.56
4.53	4.25
-1.01	4.36
2.88	0.25
-4.39	7.58
-9.73	-7.97
2.18	1.8
5.26	3.52
6.33	-0.93
-0.79	-1.45
7.08	3.07
8.86	0.33
8.93	3.94
7.87	10
-5.12	-6.15
6.99	5.24
6.84	-7.82
-7.45	-4.26
-4.04	0.96
5.08	-8.22
-7.98	2.42
-5.84	-8.6
-8.79	6.93
-0.26	1.12
-8.62	5.34
-2.27	8.23
-0.95	8.83
6.69	-3.67
7.91	8.82
-6.23	2.79
3.61	2.62
-4.7	-1.31
4.79	-1.68
-8.94	8.66
1.7	-5.43
0.98	0.56
1.09	-7.2
6.55	5.25
-1.78	0.55
1.98	-7.16
4.59	1.57
7.25	8.53
-5.03	-8.46
-2.13	-9.32
-0.28	-2.82
8.77	-5.22
-9.13	-4.55
0.46	0.62
8.39	-7.17
-9.14	9.46
2.29	6.62
-2.98	-1.36
0.09	7.74
-4.34	-0.19
9.22	4.89
3.37	-9.86
5.37	-3.96
0.9	-2.17
-6.32	-5.18
2.71	8
8.92	6.47
5.54	9.25
-7.22	7.44
1.96	-4.43
-4.32	-2.33
-0.19	-6.9
6.26	4.25
3.67	-0.25
-5.49	-3.21
-8.58	-7.15
-6.82	-2.76
6.69	0.15
5.01	3.87
0.89	-2.97
7.08	-8.67
-9.71	-5.45
-6.95	0.65
4.62	-7.63
6.44	7.78
1.37	-3.84
1.42	0.04
-2.25	4.82
0.6	-9.08
7.52	-5.18
7.41	1.97
0.64	-2.39
6.52	-2.6
9.35	-4.13
-7.88	3.07
9.28	1.07
-7.34	9.23
-3.05	-2.5
5.3	-4.86
-3.44	-6.05
-1.09	-6.18
5.45	-5.66
8.77	9.68
8.47	-4.97
-3.94	-2.36
-3.51	-8.24
2.21	1.91
-9.06	9
2.46	9.52
0.48	-6.3
6.44	3.55
0.52	-0.37
-7.39	5.18
-9.85	-2.77
-9.19	5.52
-7.37	5.26
9.52	-1.28
5.84	-6.43
-9.63	8.24
3.09	-7.58
1.94	-9.08
3.77	-2.36
3.06	1.89
-8.4	-3.48
4.9	7.72
-8.63	-0.39
-3.36	6.51
-8	9.37
-7.57	2
1.45	-8.14
8.18	0.76
-7.7	0.96
-1.79	2.67
-0.73	9.8
-9.91	-6.16
-2.9	-2.9
-0.28	-4.68
1.65	-3.07
-3.8	7.22
3.71	5.85
-1.17	-9.18
-7.42	-0.18
-4.69	7.66
5.07	1.63
-0.23	-0.18
6.06	-5.93
6.68	9.11
5.65	6.1
-9.02	-9.94
9.86	1.43
-8.24	-2
5.9	-5.43
-7.3	-2.57
9.54	-0.82
9.51	-8.45
9.28	-4.13
1.94	-9.54
-8.49	-1.58
-2.49	-7.39
7.65	-7.22
1.89	3.93
-2.45	3.82
-1.88	-9.06
-4.99	6.78
-1.13	6.21
-5.4	-8.7
1.27	6.24
5.61	-4.43
-1.75	0.63
4.36	6.34
-0.2	0.63
4.3	4.25
9.74	4.07
9.28	-6.49
-7.77	-6.94
-5.13	4.75
2.49	-1.51
1.29	1.7
-3.94	-8.78
1.18	-5.84
-1.14	-3.04
0.24	-1.44
-2.83	-4.31
-0.28	1.97
-6.47	0.3
8.57	-7.3
5.44	1
3.04	-7.79
-5.37	7.19
3.74	4.41
-1.74	5.62
9.06	9.23
4.3	9.05
2.06	4.37
-8.82	-9.52
-2.74	-1.46
8.5	2.51
-1.57	0.12
1.03	-1.57
6.6	-8.08
8.39	-8.56
-8.27	-4.76
-9.54	-5.72
0.26	5.63
6.52	-4.19
-3.51	-9.04
-3.42	9.62
-5.1	-0.75
2.54	-0.51
6.47	-7.6
-8.38	7.06
-9.02	2.31
6.79	0.86
-8.58	-8.04
0.52	-3.21
-8.22	-9.88
-8.45	-4.38
2.54	1.71
-7.72	-9.5
-0.25	-1.7
-5.06	-8.91
4.23	-6.35
-2.65	-5.1
9.4	4.24
5.13	0.41
-1.63	3.21
8.51	-7.17
3.47	-3.47
-3.01	-1.83
-1.44	8.51
8.71	9.99
-2.81	-9.84
-5.94	-4.57
-5.68	4.23
-5.38	0.06
-8.92	-2.62
-1.99	-1.37
-1.83	2.67
2.31	-1.11
-3.02	-6.88
9.18	-0.09
7.17	-1.99
0.5	-9.18
9.62	8.43
8.68	5.65
7.02	0.66
-2.04	2.62
-6.47	-0.45
1.63	1.1
-1.31	-4.73
2.47	-1.52
1.65	-4.01
1.36	-3.44
8.49	9.84
2.06	6.78
8.32	-0.49
-9.17	6.41
0.06	-8.15
1.56	-1.81
-5.72	-8.44
-4.09	-4.26
-1.6	4.72
-0.34	3.96
-0.37	-9.05
-1.21	-8.83
-0.38	3.31
-1.18	-0.42
4.92	-1.19
5.77	-3.23
5.7	-9.33
6.78	7.28
-0.02	4.84
7.44	4.59
4.95	-4.26
-1.43	0.6
-6.18	-8.57
3.66	-1.07
4.86	-5.36
-7.36	-7.84
-5.46	-7.56
-7.29	10
-6.8	-6.27
9.55	8.71
0.5	-9.63
-0.7	3.07
1.22	-2.76
-7.32	-1.35
6.68	-9.75
9.83	-0.17
-2.7	-7.34
3.98	-4.58
1.72	3.21
5.46	0
-8.26	-9.02
-7.95	7.2
-6.58	8.29
1.75	6.88
-3.75	-6.63
-2.59	-2.92
4.53	3.36
-3.02	-9.8
-2.63	-1.32
-0.63	3.91
9.77	-5.67
9.02	-3.51
9.97	-9.2
-3.72	4.39
-1.25	-9.56
-1.05	3
0.31	0.98
-3.84	-6.35
7.68	-3.58
7.72	5.11
-6.98	-0.72
-7.51	4.01
9.27	-0.82
4.98	-1.83
-4.92	-9.46
-2.76	-1.54
8.16	2.09
-8.63	8.54
3.89	8.4
4.94	7.73
-4.55	-7.9
-0.63	8.66
-6.96	-0.21
-5.94	-7.85
-0.72	3.42
5.43	-6.11
3.11	3.52
-3.51	-7.4
-6.46	2.89
-0.16	-1.46
5.87	3.43
2.06	-2.38
7.03	-3.78
-6.4	-1.12
-2.43	3.44
3.45	-6.85
2.8	9.4
5.41	-8.66
6.94	-7.13
9.63	-1.89
-7.44	-5.2
8.63	3.13
-2.48	6.37
3.92	-1.05
8.21	5.33
-3.98	7.88
7.83	9.82
2.13	9.58
6.37	-8.07
2.41	7.22
-9.08	6.86
-7.38	5.14
-4.19	9.94
0.11	1.58
2.06	-8.6
0.59	-1.44
8.63	2.26
8.17	-6.43
-9.63	-8.15
7.12	-8.84
-9.07	3.12
-8.26	2.42
1.94	1.89
-1.19	-4.81
-9.48	9.11
4.79	-0.75
4.67	-1.14
3.93	7.08
7.61	6.43
9.39	3.3
1.4	3.67
-3.4	-3.36
-3.58	-6.52
-9.71	9.34
7.55	4.55
1.75	-0.17
-7.68	9.9
5.65	3.05
-3.29	2.47
7.26	8.43
-6.88	4.4
-2.4	6.33
8.09	3.28
9.88	5.36
9.66	-0.03
0.16	3.59
3.25	0.85
-7.68	-7.24
7.56	-3.33
3.46	6.01
9.29	-5.37
1.73	-6.28
-4.72	-1.76
-7.04	-2.55
-5.04	5.89
-1.83	9.82
-7.73	-0.2
-7.09	6.32
1.88	2.99
-3.66	2.33
-7.5	2.41
1.93	-4.42
6.3	-0.74
-4.8	-9.87
1.62	-1.04
-4.19	9.05
6.36	2.32
-7.3	2.18
-6.83	-8.66
-7.64	-8.24
-7.07	-9.84
-3.84	0.84
0.59	-9.99
8.92	7.15
-3.89	-0.82
6.74	0.87
7.38	1.85
-2.54	5.14
0.08	-2.17
-2.89	-8.78
-0.52	0.24
-8.71	-6.9
-5.16	5.92
9.92	-5.34
-9.49	-2.18
2.83	2.69
-3.21	-8.72
3.33	3.2
-5.1	-3.59
5.58	-1.47
9.46	-2.23
-6.78	-9.14
2.19	-7.36
-0.39	-8.26
-2.51	2.13
-2.77	-2.89
5.23	-5.37
3.41	-9.15
-5.55	-7.22
-0.68	5.1
1.25	-0.62
1.09	-4.38
-0.68	0.44
-6.93	1.17
6.44	7.61
-1.12	1.3
3.16	-1.68
8.46	-4.42
2.11	-8.24
-5.32	1.75
-7.64	4.42
1.67	7.9
9.09	2.7
-8.89	4.91
0.12	-4.33
-1.95	8.24
5.28	7.56
-8.02	-7.77
-2.96	-1.06
2.35	7.04
-0.36	9.25
3	2.59
-3.92	7.41
-6.34	3.23
-8.68	0.77
-1.76	6.62
-0.17	-2.48
2.54	-8.3
-7.92	-5.25
8.66	-0.57
-6.58	5.08
-3.18	2.46
5.03	4.6
1.12	-6.08
-7.31	-6.26
5.85	-5.41
5.01	-3.25
6.73	5.49
-3.98	-8.85
2.61	9.33
-3.27	1.15
-4.75	2.63
-1.14	8.69
2.29	8.65
2.63	-1.96
-8.41	-3.89
-6.52	-4.42
-3.14	-4.87
-7.13	0.76
1.3	0.47
-9.25	1.77
5.7	0.68
-1.74	9.94
0.37	-9.36
7.89	4.64
-9.11	-0.45
-4.6	-7.88
-9.52	7.57
6.33	6.34
-1.74	-5.76
8.7	5.51
0.72	3.45
-3.79	-7.4
-7.09	-2.03
-1.73	9.1
-3.96	2.14
9.21	9.58
-5.86	5.65
0.66	8.04
3.42	-7.27
9	2.99
7.73	2.15
8.31	-4.47
7.05	6.02
6.72	0.47
3.96	-3.93
8.42	-0.33
-7	4.48
-1.7	-6.44
-2.13	-1.86
-6.11	-1.93
2.07	-6.72
1.1	-2.81
-3.16	9.1
2.93	-6.78
3.65	4.3
2.54	-1.5
4.85	-2.79
-2.39	-0.57
3.13	9.41
5.9	-0.66
2.02	-1.48
5.83	-2.74
0.26	-9.9
7.86	8.02
-5.98	-5.44
1.12	2.72
5.75	5.05
-1.78	9.15
-5.31	8.67
7.98	0.49
-9.49	7.35
-8.11	0.92
-0.21	-9.3
-5.38	-3.71
-4.11	0.28
-5.64	-8.22
8.79	5.6
2.51	6.37
1.78	-1.31
-7.47	6.9
4.08	-4.91
-2.23	-1.38
5.38	-0.04
-9.67	7.71
-2.38	0.57
-0.58	-3.83
7.57	1.84
7.09	-5.81
-5.67	-7.17
-7.51	7.72
-9.02	-2.45
8.59	3.69
-7.95	-5.19
5.16	3.41
-0.24	-6
-2.08	9.79
-2.32	2.94
-4.46	-1.35
8.3	9.41
-8.27	-6.18
3.22	3.74
-9.59	-0.88
-7.13	9.12
5.79	0.72
2.18	5.18
-2.09	-9.86
-5.99	3.05
0.78	4.8
8.85	3.22
-8.86	7.44
0.08	-8.87
1.14	5.68
-8.16	-8
-9.07	-9.59
-2.83	-1.84
-4.68	3.81
-0.55	-6.24
-8.39	-7.38
-3.99	-2.36
4.86	-4.86
-5.84	-3.61
-7.41	9.28
-8.06	7.49
-7.97	8.73
-1.83	7.03
-6.04	9.34
7.35	5.11
-6.98	-0.75
1.25	-4.72
-6.94	2.77
5.12	-2.7
-6.31	-5.35
-5.03	-5.71
-7.47	3.82
-8.67	6.95
-0.45	-1.5
1.06	7.47
-7.27	7.84
5.14	-4.51
2.91	-8.48
-2.9	7.61
-3.14	5.63
4.44	-9.97
2.99	0.55
6.12	7.33
-4.23	-2.63
-3.58	-8.92
-4.44	-1.92
-9.59	8.14
3.43	2.7
-2.02	-8.51
7.07	1.72
0.23	6.67
1.85	7.61
4.25	1.87
-5.88	3.25
-4.71	-7.95
-8.17	8.93
2.24	5.25
2.4	0.89
6.46	0.03
-6.98	-2.6
2.17	-8.16
-4.84	-4.03
8.43	4.28
8.72	-3.27
-8.95	-9.77
9.26	6.11
3.4	-7.49
-6.78	-7.09
-9.32	-2.91
6.16	5.26
3.41	9.87
6.97	0.17
-6.8	-4.07
-8.27	-7.04
5.84	-2.64
8.26	6.12
-3.89	0.79
3.82	-7.16
-0.04	5.91
2.92	8
6.82	1.19
2.84	-7.63
6.06	8.52
-3.05	9.81
9.23	-9.36
-6.9	-8.87
-1.66	4.96
2.77	-6.53
0.65	-9.7
-9.67	5.15
6.41	9.42
-9.97	0.75
-0.32	1.84
9.82	0.5
5.48	1.26
-2.78	-4.26
1.03	-9.12
-6.74	4.82
2.42	6.28
6.46	-3.91
-2.74	3.22
6.31	-5.44
-7.17	-9.29
-4.21	4.71
2.78	-3.28
-5.08	5.59
3.49	-5.91
-6.56	-0.31
3.88	-2.2
5.26	-7.04
-0.81	1.18
-5.95	-8.14
-3.72	-9.59
3.47	2.79
0.18	-9.44
0.68	9.9
-4.27	-5.72
6.39	4.03
-3.33	-0.89
-0.31	1.76
2.92	0.03
-6.88	4.81
-8.12	-2.69
5.33	-6.49
-5.67	0.14
-5.22	-1.9
-0.65	-8.43
8.48	2.59
9.28	-3.74
0.92	-0.32
7.49	-6.8
9.33	9.07
7.24	-0.51
-9.73	-4.93
2.9	2.29
3.7	-0.77
-8.6	-8.96
-2.2	-6.33
-2.04	-5.06
-5.12	-7.13
8.54	5.39
-6.13	1.01
-4.96	9.13
-4.16	8.59
7.7	0.05
-1.05	0.86
9.27	4.87
0.09	-6.2
-9.12	7.78
9.66	-5.49
-9.93	-8.35
-7.48	-8.24
9.41	-8.8
-8.91	4.49
-8.05	6.43
2.55	-1.5
-2.96	8.78
-2.33	-1.44
6.35	-8.68
-8.84	-8.54
-9.52	5.58
-1.17	-5.04
9.45	7.12
8.05	-8.8
-6.13	-8.33
9.5	-1.4
-1.57	-5.57
-6.25	0.76
5.4	5.97
1.41	7.04
7.03	6.89
3.87	-4.09
6.7	0.73
5.27	-8.16
-8.83	-4.57
-4.41	6.3
8.73	2.33
-6.11	-7.81
7.59	-2.23
-0.76	-9.82
2.38	8.53
-0.33	-8.53
-3.64	-2.11
0.08	-4.55
-5.46	-5.78
-0.47	9.43
4.68	4.4
-1.88	0.17
-1.35	3.47
4.53	2.06
-4.05	-9.3
-7.17	8.11
-7.31	-1.73
7.97	-6.62
-7.3	4.2
-1.75	-3.31
3.93	-4.51
-4.77	9.49
-0.16	-6.13
-2.24	-5.07
-3.03	0.8
1.82	-1.58
8.45	-9.16
7.93	-3.48
2.11	2.76
0.58	1.41
-9.61	7.98
-4.96	8.44
-9.25	-6.21
-7.03	3.09
-6.11	-1.91
-6.7	-6.25
9.54	2.04
1.37	7.78
5.46	2.91
-2.02	4.45
3.72	-1.5
-3.4	-5.78
-5.55	-8.05
-3.78	-2
5.93	7.55
-8.85	-3.37
3.17	3.64
7.09	-0.65
6.11	-7.15
-6.95	9.93
-5.09	-5.71
0.8	3
-0.15	7.86
-6.1	1.77
-3.51	7.94
-5.34	9.9
-4.15	4.89
-4.66	4.79
7.03	-2.84
0.35	-7.6
-7.9	-3.22
-6.9	0.59
-6.75	-7.48
4.17	-3.16
-6.14	-5.99
-9.67	-2.24
1.7	5.01
-7.56	1.8
9.53	-7.08
-2.76	6.77
-3.37	-1.95
-5.31	7.65
-8.26	3.27
8.56	7.36
7.64	-2.84
4.72	-5.86
3.16	-7.21
5.25	-8.76
-6.95	9.14
5.42	3.61
-4.87	7.6
-3.64	-0.25
-0.57	-1.84
7.09	-8.52
10	3.18
-5.34	-5.63
-6.57	2.14
1.09	6.12
-0.03	-2.34
-3.26	-2.33
-6.82	-8.67
3.96	0.44
8.2	8.99
-5.62	7.88
-0.28	-7.63
0.37	9.15
8.62	-8.56
2.92	-4.44
-2.23	6.89
-6.76	1.13
3.51	8.37
6.32	1.05
5.31	-9.83
-2.47	8.68
-5.63	-2.71
-9.17	-4.68
7.04	-8.29
-5.82	8.21
6.67	-1.9
7.8	-9.19
5.51	2.61
8.12	-8.49
-9.81	-8.35
7.16	-4.21
-1.67	0.78
4.02	-0.35
5.86	1.6
-7.68	-5.57
-6.92	9.32
3.94	-7.44
-3.23	5.64
4.23	0.32
-6.61	-5.2
0.37	-4.77
7.41	1.17
7.96	-5.82
-3.64	-4.9
7.98	8.28
7.57	2.95
1.65	7.28
-7.2	-3.87
6.77	7.29
0.12	-4.23
7.18	-5.86
-5.93	-5.75
2.82	-1.04
9.74	5.31
3.59	-4.29
-0.07	6.1
-6.07	2.97
-9.45	-6.98
2.67	4.28
4.83	-6.01
7.54	6.67
-2.75	-1.66
-9.65	-8.98
-6.29	-5.48
2.88	1.07
4.52	7.22
3.12	-8.06
8.79	-6.08
9.64	4.28
-7.77	7.47
9.2	0.25
3.69	7.47
2.24	-9.36
-2.62	2.72
-1.21	6.86
-6.85	2.84
-1.95	5.42
-6.66	-7.51
-1.69	8.12
9.21	-5.48
0.59	-1.1
1.04	-4.69
6.58	9.49
1.4	8.44
9.5	4.4
9.49	8.77
-2.2	-6.24
-1.18	5
-2.84	-5.75
4.21	0.04
-0.28	2.3
1.12	-2.57
5.04	0.66
-1.19	8.29
-6.82	-9.29
-5.45	-0.8
2.86	8.19
-3.27	-0.51
-1.87	-8.89
3.63	0.81
-5.65	3.84
-3.37	-5.4
-5.71	5.23
-7.99	-9.5
-8.03	9.21
-3.89	-2.69
7.01	3.47
-5.73	-7.51
-3.63	6.37
4.37	-6.1
-9.12	0.47
-3.85	-7.91
7.38	-5.57
5.4	5
-6.46	3.6
-3.13	-0.12
-5.79	-2.59
-6.5	-9.84
8.15	-6.17
9.46	-9.46
-1.18	-9.45
-2.63	7.05
3.08	8.27
1.13	6.39
7.01	-2.63
3.44	-7.44
7.07	-3.75
0.72	8.77
-1.45	8.79
-6.49	-1.76
-5.59	4.91
5.86	2.67
3.93	-4.21
-7.81	-5.71
5.32	9.59
5.05	6.61
-0.61	-0.24
8.98	3.86
-2.47	-0.3
-6.42	2.86
0.69	-8.09
-6.33	0.85
-0.67	-6.31
-0.12	6.79
4.69	0.46
-3.16	-5.97
-6.46	9.15
5.67	-4.79
1.53	5.32
-7.45	-5.26
-9.8	0.66
8.43	3.87
3.79	2.09
7.96	7.42
-2.4	-5.31
-9.38	-7.82
5.05	-4.69
4.86	-1.24
9.08	6.54
-0.4	-1.68
-7.16	-9.95
-1.75	-4.47
3.63	-7.42
6.63	-4.27
6.02	-4.48
-0.82	-2.51
4.81	5.6
-9.12	-2.09
8.53	-9.25
6.82	9.02
4.06	3.83
2.43	-1.63
5.93	-5.95
-6.71	-5.66
5.6	6
4.01	-5.95
8.75	2.42
2.69	-4.06
0.16	7.01
7.16	3.79
-2.87	-7.99
7.59	2.41
-7.21	-4.4
6.28	6.02
0.42	-9.32
-4.4	-0.16
-0.99	2.93
3.58	1.21
-4.02	6.35
6.5	4.24
-2.77	7.3
-5.88	-1.66
2.62	-8.26
1.34	2.78
-3.83	-6.88
4.62	-5.5
-6.8	0.06
-2.92	-9.65
1.55	-5.63
5.12	0.82
-1.17	-8.34
-0.39	-2.82
0.74	2.01
0.8	4.78
-0.98	-6.96
0.4	3.14
-1.11	-5.48
4.43	-5.21
1.21	-8.69
-1.1	9.01
4.52	-9.57
5.08	-6.84
-5.38	8.95
-3.71	-6.81
-2.95	-5.43
-4.97	-4.46
1.31	0.2
8.55	-4.2
-3.27	-3
2.36	-2.91
-3.83	-0.57
8.45	8.11
-0.68	-4.82
-6.61	1.55
-1.54	6.24
1.21	-4.14
4.94	8.34
4.51	-6.56
-1.24	-7.1
7.95	-4.06
-5.33	6.35
6.08	3.78
-3.75	-6.34
5.62	4.33
3.34	3.59
1.82	0.09
5.79	-1.68
-5.8	3.43
-6.48	-9.02
-6.88	-7.09
3.75	-0.4
-8.16	-5.28
-8.07	0.39
-7.12	-1.07
3.46	6.76
1.36	-4.39
-1.7	-5.31
-0.64	-5.08
5.08	9.15
4.51	2.14
-5.82	-5.57
-9.99	4.05
-6.04	-1.44
-1.14	-6.07
-0.06	7.92
-7.94	5.88
-0.66	5.07
-0.68	-6.01
9.74	-3.64
-5.29	-5.41
-8	7.15
1.7	6.71
-9.31	-6.04
3.98	3.9
5.8	-0.64
-7.05	0.7
-6.4	5.95
7.66	-5.63
-4.14	5.85
8.89	8.38
4.22	0.6
7.97	-1.03
8.97	0.72
-0.26	2.12
4.7	-0.33
7.24	-5.11
8.17	-9.23
0.95	-0.2
-3.91	-2.73
4.98	-0.44
-9.84	-0.36
-4.73	4.74
-6.75	6.67
-9.3	6.39
5.6	-2.5
4.5	-3.19
9.08	7.04
2.4	1.82
-0.6	-0.26
0.36	4.7
-7.25	-7.04
-7.58	1.65
0.88	6.76
-3.65	-2.93
-7.9	2.02
-1.03	1.79
4.6	7.45
8.64	-9.45
-4.44	5.7
-6.82	-1.62
-2.05	-3.46
-5.86	0.93
-9.76	-0.96
8.6	-5
7.97	3.56
-0.57	-0.07
0.43	4.15
-4.25	-0.78
-3.97	-8.57
-5.42	-8.04
-3.15	-4.57
7.83	9.72
0.99	6.41
8.7	-8.87
9.47	0.72
-5.15	-9.07
-7.35	-5.38
-5.29	5
-5.62	-1.72
-8.81	-5.91
0.16	0.42
9.81	-3.3
-6.49	-0.63
-8.8	-8.74
1.72	1.38
4.82	-9.67
2.87	1.44
-4.84	-6.92
-3.33	3.06
-6.16	-3.78
-3.02	-8.79
8.09	-6.17
-4.69	0.18
7.98	9.88
-3.5	-3.5
-1.42	-7.47
-2.88	-5.25
4.75	-2.03
2.96	1.5
-8.38	-2.89
1.11	-0.97
2.89	-3.76
-0.02	-5.89
7.7	1.09
0.8	0.02
3.55	9.05
8.86	9.3
-0.11	8.31
-3.92	-8.58
-3.81	8.18
8.15	-5.98
6.37	2.94
8.31	-2.65
0.79	4.98
-5.36	4.69
7.47	7.98
-0.93	1.47
4.68	-5.56
7.5	-8.55
3.36	9.52
6.24	0.92
-9.53	7.96
-7.36	3.94
-1.83	9.49
5.23	8.28
9.66	-7.14
6.46	-5.06
-8.84	8.33
-2.05	-5.25
-8.07	1.05
8.6	6.74
-7.47	-2.92
0.61	4.93
-2.38	2.89
3.99	-9.46
-9.84	4.42
-5.63	3.01
7.6	-2.78
-4.56	1.84
-8.07	-4.77
6.67	-5.75
-9.97	8.18
-5.36	-7.37
-3.94	-3.91
-8.2	5.84
-9.94	-3.42
0.74	-1.27
1.42	0.3
0.72	-7.93
4.97	8.77
5.34	-1.47
-0.6	-7.69
-1.67	0.93
9.08	9.6
8.51	0
-4.61	3.09
-0.64	-1.31
4.48	-6.12
3.72	5.13
-6.51	-0.37
-1.74	-9.61
5.18	8.97
-8.03	-8.07
0.36	-8.93
-5.23	-9.89
-8.44	8.15
3.78	-7.02
-2.4	-9.86
-7.27	5.42
-9.45	3.87
-3.36	-5.23
-8.14	-3.7
-4.25	-9.33
-0.51	4.25
6.09	0.51
8.77	-6.2
5.41	-2.12
4.23	-2.08
-9.35	5.52
4.53	0.45
-3.5	2.18
-5.54	3.03
7.02	-1.75
4.89	8.52
-9.03	-3.6
-2.94	1.3
7.48	-8.56
-9.79	6.55
0.23	9.96
0.99	6.02
9.63	6.88
-6.71	-3.68
-5.12	3.87
-4.83	-1.44
-1.33	6
-8.84	-9.98
-4.58	1.55
-4.98	-3.13
2.3	-8.37
-6.51	-4.77
5.95	4.55
5.8	1.77
-2.73	-1.27
-5.49	-7.35
7.78	-2.08
-1.09	-7.9
3.32	-8.33
7.53	9.34
0.99	-5.56
-8.71	0.39
-0.1	3.21
1.31	-5.53
-5.27	-0.07
-5.11	9.87
-9.08	-6.07
5.84	1.82
1.55	7.02
1.17	2.29
8.14	2.07
6.19	9.42
-7.56	-9.19
7.21	-4.69
-3.69	-9.4
6.36	-4.92
-0.84	6.85
-1.98	-8.39
-5.54	-3.74
0.54	-3.1
4.16	2.41
-1.85	-4.81
7.45	8.83
4.7	-4.84
3.35	-9.54
-0.8	7.57
6.47	-4.51
4.81	-1.56
2.09	-4.89
5.2	0.67
-6.72	4.75
9.34	-9.56
-6.88	2.06
8.03	-9.29
8.38	-7.23
-3.9	-4.7
2.06	9.85
-9.55	-2.06
3.43	7.6
-8.81	3.97
5.53	-8.35
-8.43	6.5
-5.76	2.62
4.19	3.74
-4.66	4.7
3.37	3.17
-2.53	5.31
0.7	-4.58
-2.77	-1.14
3.75	3.95
-3.52	-1.07
7.97	-2.03
1.73	7.77
-9.45	8.16
-5.5	8.32
-1.6	4.24
-4.53	9.7
-6.44	3.62
1.74	9.02
-0.63	-2.73
0.16	7.31
6.88	2.59
5.45	0.63
-7.68	-2.1
-8.42	4.83
3.95	4.87
2.01	5.58
4.91	-6.5
-7.37	4.14
3.56	-0.3
7.44	-2.67
-0.86	3.43
-0.12	4.3
4.77	1.98
3.88	4.22
9.69	-6.19
2.39	-1.14
-4.5	-2.05
-5.93	6.38
7.75	7.61
-3.1	-9.66
7.43	-4.56
-1.26	7.77
-9.85	-2.15
1.34	2.18
-3.17	4.51
-9.33	1.67
-0.76	6.82
7.07	9.84
-9.58	5.94
2.92	1.5
-7.11	-1.72
2.56	-3.16
-7.4	6.45
-7.37	7.88
8.39	-3.19
2.04	-1.55
-1.71	-1.94
-6.11	-2.03
-9.19	4.22
-8.44	5.6
4.81	-0.57
8.3	-6.06
2.95	4.88
-7.81	0.51
-4.13	-1.38
-1.83	5.91
-6.78	-7.71
-2.87	2.56
-8.03	-0.11
-2.63	9.78
-6.55	-1.37
-2.41	8.02
-3.02	-6.28
-3.75	9.75
4.3	-3.92
2.34	-4.3
-8.11	7.26
0.58	-5.82
-8.67	-2.45
-3.55	-8.17
-4.75	-3.3
7.38	2.39
-0.32	8.75
9.15	-1.12
-0.48	-3.24
-2.75	-2.71
0.6	9.74
-6.87	8.4
-2.59	-0.4
-6.2	-1.32
-0.56	4.72
7.95	5.17
9.67	-7.69
-2.46	-4.27
-2.47	4.83
8.56	4.81
8.38	0.23
-4.44	7.68
-7.71	-7.7
7.46	0.33
3.77	-0.75
-0.07	2.86
-2.21	-1.49
-4.68	2.94
-6.2	-3.99
-4.17	1.76
1.64	8.05
-0.77	2.24
4.74	9.64
-7.67	8.66
6.23	-6.32
1.17	8.87
-8.45	6.24
0.61	-0.51
-8.63	-6.76
5	1.98
-2.24	5.48
-8.25	4.19
-6.78	-9.72
2.29	-3.72
1.6	6.36
-6.68	7.74
9.53	-7.63
-9.74	3.49
9.53	8.6
-7.46	5.28
-0.7	-1.71
0.24	5.65
2.45	8.29
-4.76	2.97
3.38	9.47
1.98	-6.49
3.76	-3.07
5.77	-7.1
-6.3	-7.76
-0.54	-4.82
-9.22	-8.06
6.24	5.7
-4.41	9.89
3.92	6.27
-8.51	5.58
-0.47	-8.57
-7.94	-5.94
4.14	-5.29
-3.73	-9.36
-7.96	6.94
8.31	-4.11
-1.37	5.05
5.76	8.52
-1.21	-7.3
-3.46	-2.85
1.6	-4.26
-9.28	4
1.81	7.16
8.5	5.14
0.64	-3.38
-5.46	4.79
9.23	0.22
9.19	1.32
4.51	-4.15
-7.68	-1.14
7.4	-6.42
-7.33	-7.12
-7.59	7.5
1.98	-3.73
-2.87	-5.29
-6.64	0.03
-2.49	7.09
-0.6	1.93
5.11	-2.59
-6.43	5.93
3.88	7.44
2.51	6.24
8.58	-8.9
9.44	2.29
5	4.08
-2.92	-4.93
-3.96	4.86
-6.72	2.84
0.37	6.53
4.94	-7.5
-4.92	-1.23
-2.09	0.1
-7.33	-5.53
9.37	0.23
0.51	-3.94
8.3	-0.11
6.84	8.74
-8.37	2.99
-4.84	6.22
-9.95	-4.44
6.84	-3.03
-8.74	-3.32
1.2	-5.93
-0.24	-6.69
-1.28	9.35
-7.5	-4.93
0.11	2.7
7.97	4.63
-9.86	-3.3
1.77	6.78
-4.29	-1.16
-6.13	3.64
7.58	-9.77
7.51	-5.58
-8.33	-6.75
-3.85	-1.42
3.43	-5.6
-8.33	-2.92
-8.19	6.84
-4.35	8.77
6.93	1.31
9.92	9.21
-9.47	-0.55
-0.85	-5.03
-8.5	-2.89
-3.53	-9.6
-9.99	-8.06
-4.37	-7.89
2.5	-6.22
2.83	0.93
3.31	-4.37
9.96	-7.52
-0.46	3.13
2.45	-4.83
5.31	4.2
-5.75	7.85
8.91	7.46
-5.03	2.26
-4.58	9.72
0.91	9.6
-3.16	-7.88
-4.31	8.96
5.37	1.39
3.54	9.99
-1.07	-0.05
-4.4	4.06
-5.27	6.16
3.88	0.05
-8.48	8.89
5.57	2.05
-1.03	-0.03
-1.35	0.93
-3.71	-2.65
-1.43	8.09
-0.16	2.72
3.07	9.71
-1.06	1.92
-8.02	6.42
-5.57	7.13
-7.69	9.79
9.02	-3.86
5.14	-8.39
-0.66	-6.65
6.92	-6.33
-7.26	-2.59
-8.12	7.35
1.53	2.54
9.74	6.09
7.74	5.98
-5.78	4.77
2.72	-6.46
7.76	3.89
9.83	9.49
-4.18	6.07
5.69	4.54
-1.32	-2.81
8.92	1.27
-0.08	-1.22
-9.79	-2.85
-3.38	-8.86
3.54	-4.06
2.98	-3.57
1.97	-3.48
-7.24	-0.65
-6.96	1.6
8.87	9.67
1.33	6.4
-9.73	6.02
-3.33	-9.35
1.74	-5.06
-6.77	4.96
5.32	-8.93
-5.87	4.97
-8.59	-6.52
-2.34	7.69
1.05	-6
-6.37	8.11
-6.41	2.88
0.42	-4.76
4.26	4.36
-7.83	-4.83
8.45	7.1
9.76	8.8
1.64	-3.51
-2.88	8.24
-7.48	0.18
-8.38	8.47
-0.42	-7.63
-3.4	9.09
-1.46	-4.05
-8.23	-1.74
-0.26	2.72
-6.37	-2.19
-6.5	9.21
-2.18	-3.44
-5.08	-4.15
-3.73	2.68
6.15	0
-3.44	-3.37
-0.45	9.18
-6.61	4.67
7.81	9.48
-6.93	-4.75
7.91	-4.53
-4.16	1.33
-7.2	2.21
-7.95	-5.15
6.55	-1.28
-6.96	-2.98
2.99	6.68
9.67	-8.67
3.81	9.84
-4.32	-6.09
-4.38	2.43
5.2	-4.01
6.23	-3.93
-9.46	7.31
-3.23	-3.2
6.37	-0.43
4.15	7.16
5.34	-3.19
-0.01	7.39
-0.96	-2.99
4.51	-3.74
6.69	-0.05
6.89	-7.1
9.48	7.49
5.89	8.2
-3.17	0.73
0.74	4.7
-7.12	-8.78
4.81	6.8
6.53	7.07
-5.54	-6.89
7.96	-7.61
1.04	-4.23
5.01	9.75
-3.89	-0.37
-2.19	8.11
7.52	1.64
5.62	-8.29
-6.01	4.4
-9.61	2.83
3.79	1.95
9.03	-3.47
9.56	3.55
3.68	0.6
-8.02	3.06
-1.67	-5.87
3.27	3.26
-9.07	-0.23
-2.54	4.3
3.35	-8.61
-9.8	8.45
8.84	-6.53
-3.62	-4.27
8.13	-3.92
0.08	6.43
-9.33	-6.22
6.48	-6.14
6.85	-0.54
-1.87	6.98
-5.03	3.65
-1.6	0.08
8.29	-1.4
-5.96	1.15
-9.84	-5.87
1.67	-3.27
9.45	-8.8
4.19	-7.28
2.49	-1.42
7.36	4.26
7.4	-2.87
7.92	1.2
3.88	3.28
-3.22	0.02
9.13	2.29
7.85	-9.4
5	-9.19
3.08	-1.39
5.95	8.78
-5.08	1
9.72	-4.85
-8.99	-6.46
3.71	-5.29
-7.7	-4.59
9.32	6.87
-0.58	-9.12
-1.33	2.69
0.97	-2.55
-8.38	-1.68
2.91	9.36
-7.35	-8.51
6.35	9.13
9.32	1.37
-4.86	9.02
2.26	-5.62
9.72	-3.66
6.25	8.41
8.14	4.76
-2.15	9.39
-1.97	0.22
-1.45	-3.12
-1.79	-7.28
6.24	-6.53
-9.93	0.16
-0.1	-6.47
7.9	1.62
4.46	9.97
5.38	-0.42
-1.66	-5.1
0.77	1.16
2.92	-3.09
-9.22	8.95
-6.33	4.52
7.65	-5.95
1.91	-5.29
6.01	-9.07
4.6	9.71
-8.97	-4.67
-5.91	-3.62
8.61	-5.24
-9.92	7.4
9.73	-4.55
9	-9.69
7.87	-7.08
-9.5	-2.49
5.85	-4.89
5.8	8.3
